NACA 2412                                       
 Alfa =   5.00000 Re =        0.000 Xflap,Yflap =     0.000000    0.000000
#    x        y        Cp  
   1.00000  0.00126  0.42630
   0.99512  0.00227  0.26112
   0.98686  0.00396  0.19203
   0.97744  0.00586  0.13882
   0.96694  0.00795  0.09499
   0.95557  0.01018  0.05784
   0.94355  0.01250  0.02339
   0.93112  0.01486 -0.00741
   0.91842  0.01723 -0.03555
   0.90556  0.01958 -0.06119
   0.89261  0.02191 -0.08599
   0.87960  0.02421 -0.10868
   0.86656  0.02647 -0.13047
   0.85350  0.02869 -0.15116
   0.84042  0.03087 -0.17125
   0.82732  0.03301 -0.19026
   0.81422  0.03511 -0.20888
   0.80110  0.03717 -0.22693
   0.78798  0.03919 -0.24497
   0.77486  0.04117 -0.26215
   0.76173  0.04310 -0.27916
   0.74859  0.04500 -0.29575
   0.73545  0.04685 -0.31234
   0.72231  0.04866 -0.32900
   0.70916  0.05043 -0.34515
   0.69602  0.05216 -0.36142
   0.68287  0.05384 -0.37756
   0.66972  0.05548 -0.39361
   0.65657  0.05707 -0.40963
   0.64342  0.05862 -0.42577
   0.63027  0.06013 -0.44235
   0.61713  0.06158 -0.45776
   0.60399  0.06299 -0.47457
   0.59085  0.06435 -0.49085
   0.57772  0.06567 -0.50760
   0.56459  0.06693 -0.52397
   0.55147  0.06814 -0.54123
   0.53836  0.06930 -0.55805
   0.52525  0.07041 -0.57559
   0.51216  0.07146 -0.59315
   0.49907  0.07245 -0.61119
   0.48600  0.07339 -0.62939
   0.47294  0.07427 -0.64797
   0.45990  0.07509 -0.66723
   0.44687  0.07584 -0.68705
   0.43387  0.07654 -0.70730
   0.42090  0.07716 -0.72850
   0.40798  0.07772 -0.75138
   0.39512  0.07820 -0.77792
   0.38234  0.07860 -0.80202
   0.36961  0.07890 -0.82419
   0.35692  0.07910 -0.84599
   0.34427  0.07921 -0.86714
   0.33165  0.07921 -0.88837
   0.31907  0.07912 -0.90907
   0.30652  0.07891 -0.92956
   0.29402  0.07861 -0.95092
   0.28155  0.07819 -0.97040
   0.26913  0.07765 -0.99209
   0.25677  0.07701 -1.01227
   0.24446  0.07624 -1.03323
   0.23221  0.07535 -1.05396
   0.22003  0.07434 -1.07536
   0.20793  0.07320 -1.09675
   0.19591  0.07193 -1.11797
   0.18399  0.07052 -1.14029
   0.17219  0.06898 -1.16277
   0.16052  0.06730 -1.18578
   0.14900  0.06547 -1.20949
   0.13767  0.06351 -1.23414
   0.12655  0.06141 -1.25956
   0.11571  0.05917 -1.28655
   0.10519  0.05682 -1.31421
   0.09507  0.05435 -1.34367
   0.08544  0.05181 -1.37453
   0.07637  0.04921 -1.40651
   0.06793  0.04659 -1.44038
   0.06019  0.04399 -1.47463
   0.05316  0.04145 -1.51084
   0.04684  0.03898 -1.54606
   0.04118  0.03660 -1.58271
   0.03615  0.03432 -1.61778
   0.03166  0.03214 -1.65369
   0.02767  0.03005 -1.68833
   0.02411  0.02806 -1.72120
   0.02093  0.02613 -1.75104
   0.01807  0.02428 -1.77945
   0.01551  0.02249 -1.80340
   0.01321  0.02074 -1.82430
   0.01115  0.01904 -1.83499
   0.00929  0.01737 -1.84015
   0.00763  0.01572 -1.83077
   0.00614  0.01410 -1.81137
   0.00483  0.01249 -1.76682
   0.00369  0.01090 -1.70198
   0.00270  0.00932 -1.61267
   0.00187  0.00774 -1.48153
   0.00119  0.00618 -1.31854
   0.00067  0.00462 -1.12161
   0.00030  0.00309 -0.89172
   0.00008  0.00159 -0.63929
   0.00000  0.00012 -0.38269
   0.00006 -0.00133 -0.12798
   0.00026 -0.00282  0.12549
   0.00062 -0.00432  0.36289
   0.00115 -0.00583  0.57002
   0.00184 -0.00733  0.73921
   0.00271 -0.00880  0.86109
   0.00376 -0.01026  0.94172
   0.00497 -0.01168  0.98541
   0.00635 -0.01308  0.99986
   0.00791 -0.01445  0.99240
   0.00964 -0.01579  0.96942
   0.01156 -0.01711  0.93603
   0.01367 -0.01841  0.89545
   0.01601 -0.01971  0.85103
   0.01858 -0.02099  0.80389
   0.02141 -0.02227  0.75666
   0.02455 -0.02355  0.70883
   0.02803 -0.02484  0.66128
   0.03190 -0.02613  0.61571
   0.03622 -0.02744  0.57037
   0.04105 -0.02875  0.52701
   0.04648 -0.03007  0.48571
   0.05257 -0.03140  0.44560
   0.05940 -0.03272  0.40850
   0.06700 -0.03401  0.37341
   0.07540 -0.03526  0.34141
   0.08458 -0.03644  0.31224
   0.09446 -0.03754  0.28626
   0.10497 -0.03853  0.26332
   0.11601 -0.03940  0.24370
   0.12747 -0.04016  0.22655
   0.13927 -0.04079  0.21171
   0.15135 -0.04132  0.19920
   0.16365 -0.04173  0.18859
   0.17612 -0.04204  0.17948
   0.18874 -0.04226  0.17205
   0.20149 -0.04239  0.16520
   0.21434 -0.04244  0.15986
   0.22729 -0.04242  0.15526
   0.24031 -0.04233  0.15126
   0.25341 -0.04218  0.14787
   0.26657 -0.04198  0.14501
   0.27979 -0.04173  0.14257
   0.29306 -0.04144  0.14079
   0.30638 -0.04110  0.13840
   0.31974 -0.04074  0.13716
   0.33314 -0.04034  0.13557
   0.34657 -0.03991  0.13388
   0.36003 -0.03946  0.13247
   0.37351 -0.03899  0.13083
   0.38700 -0.03851  0.12876
   0.40048 -0.03801  0.12500
   0.41391 -0.03749  0.12182
   0.42733 -0.03694  0.12044
   0.44075 -0.03636  0.11887
   0.45418 -0.03575  0.11828
   0.46762 -0.03512  0.11786
   0.48107 -0.03446  0.11765
   0.49454 -0.03378  0.11779
   0.50802 -0.03308  0.11783
   0.52152 -0.03235  0.11825
   0.53503 -0.03161  0.11868
   0.54855 -0.03086  0.11927
   0.56209 -0.03008  0.11978
   0.57564 -0.02930  0.12045
   0.58919 -0.02850  0.12141
   0.60276 -0.02769  0.12224
   0.61633 -0.02687  0.12297
   0.62992 -0.02604  0.12417
   0.64351 -0.02520  0.12475
   0.65710 -0.02435  0.12619
   0.67071 -0.02350  0.12699
   0.68431 -0.02264  0.12859
   0.69793 -0.02177  0.12929
   0.71154 -0.02090  0.13098
   0.72516 -0.02002  0.13212
   0.73878 -0.01914  0.13353
   0.75241 -0.01825  0.13492
   0.76603 -0.01736  0.13666
   0.77966 -0.01646  0.13824
   0.79328 -0.01557  0.14042
   0.80691 -0.01466  0.14248
   0.82053 -0.01375  0.14476
   0.83414 -0.01284  0.14698
   0.84775 -0.01193  0.15016
   0.86135 -0.01101  0.15311
   0.87494 -0.01008  0.15724
   0.88849 -0.00916  0.16121
   0.90199 -0.00823  0.16664
   0.91540 -0.00730  0.17237
   0.92865 -0.00638  0.17985
   0.94163 -0.00546  0.18866
   0.95415 -0.00458  0.20039
   0.96598 -0.00373  0.21413
   0.97685 -0.00295  0.23366
   0.98656 -0.00224  0.26019
   0.99502 -0.00163  0.30210
   1.00000 -0.00126  0.42630
