NACA 2412                                       
 Alfa =   7.00000 Re =        0.000 Xflap,Yflap =     0.000000    0.000000
#    x        y        Cp  
   1.00000  0.00126  0.43208
   0.99512  0.00227  0.26473
   0.98686  0.00396  0.19393
   0.97744  0.00586  0.13899
   0.96694  0.00795  0.09313
   0.95557  0.01018  0.05422
   0.94355  0.01250  0.01772
   0.93112  0.01486 -0.01496
   0.91842  0.01723 -0.04511
   0.90556  0.01958 -0.07256
   0.89261  0.02191 -0.09938
   0.87960  0.02421 -0.12391
   0.86656  0.02647 -0.14758
   0.85350  0.02869 -0.17028
   0.84042  0.03087 -0.19230
   0.82732  0.03301 -0.21311
   0.81422  0.03511 -0.23374
   0.80110  0.03717 -0.25377
   0.78798  0.03919 -0.27377
   0.77486  0.04117 -0.29292
   0.76173  0.04310 -0.31199
   0.74859  0.04500 -0.33063
   0.73545  0.04685 -0.34924
   0.72231  0.04866 -0.36813
   0.70916  0.05043 -0.38634
   0.69602  0.05216 -0.40489
   0.68287  0.05384 -0.42328
   0.66972  0.05548 -0.44160
   0.65657  0.05707 -0.45998
   0.64342  0.05862 -0.47846
   0.63027  0.06013 -0.49763
   0.61713  0.06158 -0.51541
   0.60399  0.06299 -0.53498
   0.59085  0.06435 -0.55377
   0.57772  0.06567 -0.57339
   0.56459  0.06693 -0.59252
   0.55147  0.06814 -0.61275
   0.53836  0.06930 -0.63256
   0.52525  0.07041 -0.65318
   0.51216  0.07146 -0.67405
   0.49907  0.07245 -0.69536
   0.48600  0.07339 -0.71706
   0.47294  0.07427 -0.73920
   0.45990  0.07509 -0.76232
   0.44687  0.07584 -0.78602
   0.43387  0.07654 -0.81035
   0.42090  0.07716 -0.83588
   0.40798  0.07772 -0.86338
   0.39512  0.07820 -0.89488
   0.38234  0.07860 -0.92401
   0.36961  0.07890 -0.95126
   0.35692  0.07910 -0.97841
   0.34427  0.07921 -1.00502
   0.33165  0.07921 -1.03198
   0.31907  0.07912 -1.05866
   0.30652  0.07891 -1.08535
   0.29402  0.07861 -1.11328
   0.28155  0.07819 -1.13959
   0.26913  0.07765 -1.16860
   0.25677  0.07701 -1.19638
   0.24446  0.07624 -1.22543
   0.23221  0.07535 -1.25473
   0.22003  0.07434 -1.28530
   0.20793  0.07320 -1.31644
   0.19591  0.07193 -1.34804
   0.18399  0.07052 -1.38160
   0.17219  0.06898 -1.41618
   0.16052  0.06730 -1.45228
   0.14900  0.06547 -1.49024
   0.13767  0.06351 -1.53041
   0.12655  0.06141 -1.57285
   0.11571  0.05917 -1.61855
   0.10519  0.05682 -1.66678
   0.09507  0.05435 -1.71891
   0.08544  0.05181 -1.77471
   0.07637  0.04921 -1.83399
   0.06793  0.04659 -1.89766
   0.06019  0.04399 -1.96406
   0.05316  0.04145 -2.03486
   0.04684  0.03898 -2.10692
   0.04118  0.03660 -2.18264
   0.03615  0.03432 -2.25886
   0.03166  0.03214 -2.33822
   0.02767  0.03005 -2.41858
   0.02411  0.02806 -2.49945
   0.02093  0.02613 -2.57954
   0.01807  0.02428 -2.66093
   0.01551  0.02249 -2.74036
   0.01321  0.02074 -2.81967
   0.01115  0.01904 -2.89058
   0.00929  0.01737 -2.95855
   0.00763  0.01572 -3.01284
   0.00614  0.01410 -3.05825
   0.00483  0.01249 -3.07578
   0.00369  0.01090 -3.06951
   0.00270  0.00932 -3.03235
   0.00187  0.00774 -2.93884
   0.00119  0.00618 -2.79758
   0.00067  0.00462 -2.60045
   0.00030  0.00309 -2.34384
   0.00008  0.00159 -2.03730
   0.00000  0.00012 -1.70330
   0.00006 -0.00133 -1.35225
   0.00026 -0.00282 -0.97860
   0.00062 -0.00432 -0.59980
   0.00115 -0.00583 -0.23903
   0.00184 -0.00733  0.08870
   0.00271 -0.00880  0.35975
   0.00376 -0.01026  0.57719
   0.00497 -0.01168  0.73994
   0.00635 -0.01308  0.85478
   0.00791 -0.01445  0.93110
   0.00964 -0.01579  0.97574
   0.01156 -0.01711  0.99645
   0.01367 -0.01841  0.99921
   0.01601 -0.01971  0.98855
   0.01858 -0.02099  0.96786
   0.02141 -0.02227  0.94031
   0.02455 -0.02355  0.90733
   0.02803 -0.02484  0.87046
   0.03190 -0.02613  0.83165
   0.03622 -0.02744  0.79046
   0.04105 -0.02875  0.74859
   0.04648 -0.03007  0.70660
   0.05257 -0.03140  0.66419
   0.05940 -0.03272  0.62316
   0.06700 -0.03401  0.58305
   0.07540 -0.03526  0.54509
   0.08458 -0.03644  0.50941
   0.09446 -0.03754  0.47655
   0.10497 -0.03853  0.44663
   0.11601 -0.03940  0.42005
   0.12747 -0.04016  0.39616
   0.13927 -0.04079  0.37486
   0.15135 -0.04132  0.35618
   0.16365 -0.04173  0.33970
   0.17612 -0.04204  0.32506
   0.18874 -0.04226  0.31237
   0.20149 -0.04239  0.30062
   0.21434 -0.04244  0.29059
   0.22729 -0.04242  0.28157
   0.24031 -0.04233  0.27341
   0.25341 -0.04218  0.26609
   0.26657 -0.04198  0.25949
   0.27979 -0.04173  0.25349
   0.29306 -0.04144  0.24834
   0.30638 -0.04110  0.24277
   0.31974 -0.04074  0.23847
   0.33314 -0.04034  0.23404
   0.34657 -0.03991  0.22955
   0.36003 -0.03946  0.22557
   0.37351 -0.03899  0.22145
   0.38700 -0.03851  0.21706
   0.40048 -0.03801  0.21125
   0.41391 -0.03749  0.20606
   0.42733 -0.03694  0.20261
   0.44075 -0.03636  0.19897
   0.45418 -0.03575  0.19638
   0.46762 -0.03512  0.19398
   0.48107 -0.03446  0.19187
   0.49454 -0.03378  0.19009
   0.50802 -0.03308  0.18830
   0.52152 -0.03235  0.18692
   0.53503 -0.03161  0.18556
   0.54855 -0.03086  0.18447
   0.56209 -0.03008  0.18326
   0.57564 -0.02930  0.18228
   0.58919 -0.02850  0.18167
   0.60276 -0.02769  0.18085
   0.61633 -0.02687  0.18001
   0.62992 -0.02604  0.17968
   0.64351 -0.02520  0.17877
   0.65710 -0.02435  0.17874
   0.67071 -0.02350  0.17800
   0.68431 -0.02264  0.17825
   0.69793 -0.02177  0.17743
   0.71154 -0.02090  0.17776
   0.72516 -0.02002  0.17746
   0.73878 -0.01914  0.17746
   0.75241 -0.01825  0.17747
   0.76603 -0.01736  0.17778
   0.77966 -0.01646  0.17800
   0.79328 -0.01557  0.17878
   0.80691 -0.01466  0.17945
   0.82053 -0.01375  0.18031
   0.83414 -0.01284  0.18106
   0.84775 -0.01193  0.18281
   0.86135 -0.01101  0.18434
   0.87494 -0.01008  0.18691
   0.88849 -0.00916  0.18926
   0.90199 -0.00823  0.19320
   0.91540 -0.00730  0.19723
   0.92865 -0.00638  0.20297
   0.94163 -0.00546  0.20992
   0.95415 -0.00458  0.21986
   0.96598 -0.00373  0.23144
   0.97685 -0.00295  0.24901
   0.98656 -0.00224  0.27305
   0.99502 -0.00163  0.31251
   1.00000 -0.00126  0.43208
