NACA 2412                                       
 Alfa =  -3.00000 Re =        0.000 Xflap,Yflap =     0.000000    0.000000
#    x        y        Cp  
   1.00000  0.00126  0.41710
   0.99512  0.00227  0.26467
   0.98686  0.00396  0.20407
   0.97744  0.00586  0.15895
   0.96694  0.00795  0.12415
   0.95557  0.01018  0.09479
   0.94355  0.01250  0.06918
   0.93112  0.01486  0.04642
   0.91842  0.01723  0.02669
   0.90556  0.01958  0.00864
   0.89261  0.02191 -0.00780
   0.87960  0.02421 -0.02294
   0.86656  0.02647 -0.03699
   0.85350  0.02869 -0.04958
   0.84042  0.03087 -0.06190
   0.82732  0.03301 -0.07362
   0.81422  0.03511 -0.08425
   0.80110  0.03717 -0.09441
   0.78798  0.03919 -0.10467
   0.77486  0.04117 -0.11410
   0.76173  0.04310 -0.12305
   0.74859  0.04500 -0.13161
   0.73545  0.04685 -0.14031
   0.72231  0.04866 -0.14835
   0.70916  0.05043 -0.15653
   0.69602  0.05216 -0.16405
   0.68287  0.05384 -0.17155
   0.66972  0.05548 -0.17893
   0.65657  0.05707 -0.18597
   0.64342  0.05862 -0.19322
   0.63027  0.06013 -0.20001
   0.61713  0.06158 -0.20649
   0.60399  0.06299 -0.21296
   0.59085  0.06435 -0.21986
   0.57772  0.06567 -0.22591
   0.56459  0.06693 -0.23206
   0.55147  0.06814 -0.23832
   0.53836  0.06930 -0.24414
   0.52525  0.07041 -0.25034
   0.51216  0.07146 -0.25580
   0.49907  0.07245 -0.26191
   0.48600  0.07339 -0.26742
   0.47294  0.07427 -0.27312
   0.45990  0.07509 -0.27847
   0.44687  0.07584 -0.28439
   0.43387  0.07654 -0.29003
   0.42090  0.07716 -0.29580
   0.40798  0.07772 -0.30229
   0.39512  0.07820 -0.31115
   0.38234  0.07860 -0.31753
   0.36961  0.07890 -0.32195
   0.35692  0.07910 -0.32523
   0.34427  0.07921 -0.32758
   0.33165  0.07921 -0.32922
   0.31907  0.07912 -0.32962
   0.30652  0.07891 -0.32918
   0.29402  0.07861 -0.32853
   0.28155  0.07819 -0.32542
   0.26913  0.07765 -0.32292
   0.25677  0.07701 -0.31827
   0.24446  0.07624 -0.31305
   0.23221  0.07535 -0.30626
   0.22003  0.07434 -0.29848
   0.20793  0.07320 -0.28922
   0.19591  0.07193 -0.27810
   0.18399  0.07052 -0.26578
   0.17219  0.06898 -0.25144
   0.16052  0.06730 -0.23516
   0.14900  0.06547 -0.21666
   0.13767  0.06351 -0.19599
   0.12655  0.06141 -0.17250
   0.11571  0.05917 -0.14662
   0.10519  0.05682 -0.11729
   0.09507  0.05435 -0.08513
   0.08544  0.05181 -0.04971
   0.07637  0.04921 -0.01087
   0.06793  0.04659  0.03064
   0.06019  0.04399  0.07539
   0.05316  0.04145  0.12181
   0.04684  0.03898  0.17146
   0.04118  0.03660  0.22201
   0.03615  0.03432  0.27503
   0.03166  0.03214  0.32867
   0.02767  0.03005  0.38392
   0.02411  0.02806  0.44059
   0.02093  0.02613  0.49884
   0.01807  0.02428  0.55759
   0.01551  0.02249  0.61750
   0.01321  0.02074  0.67723
   0.01115  0.01904  0.73793
   0.00929  0.01737  0.79646
   0.00763  0.01572  0.85326
   0.00614  0.01410  0.90436
   0.00483  0.01249  0.94912
   0.00369  0.01090  0.98199
   0.00270  0.00932  0.99880
   0.00187  0.00774  0.99417
   0.00119  0.00618  0.96201
   0.00067  0.00462  0.89798
   0.00030  0.00309  0.79868
   0.00008  0.00159  0.66436
   0.00000  0.00012  0.50171
   0.00006 -0.00133  0.30833
   0.00026 -0.00282  0.08534
   0.00062 -0.00432 -0.15005
   0.00115 -0.00583 -0.38353
   0.00184 -0.00733 -0.60251
   0.00271 -0.00880 -0.78607
   0.00376 -0.01026 -0.93725
   0.00497 -0.01168 -1.05261
   0.00635 -0.01308 -1.13423
   0.00791 -0.01445 -1.19164
   0.00964 -0.01579 -1.22368
   0.01156 -0.01711 -1.23828
   0.01367 -0.01841 -1.24063
   0.01601 -0.01971 -1.23146
   0.01858 -0.02099 -1.21564
   0.02141 -0.02227 -1.19103
   0.02455 -0.02355 -1.16361
   0.02803 -0.02484 -1.13317
   0.03190 -0.02613 -1.09739
   0.03622 -0.02744 -1.06181
   0.04105 -0.02875 -1.02340
   0.04648 -0.03007 -0.98295
   0.05257 -0.03140 -0.94290
   0.05940 -0.03272 -0.90083
   0.06700 -0.03401 -0.85948
   0.07540 -0.03526 -0.81781
   0.08458 -0.03644 -0.77746
   0.09446 -0.03754 -0.73820
   0.10497 -0.03853 -0.70074
   0.11601 -0.03940 -0.66466
   0.12747 -0.04016 -0.63094
   0.13927 -0.04079 -0.59940
   0.15135 -0.04132 -0.56956
   0.16365 -0.04173 -0.54143
   0.17612 -0.04204 -0.51510
   0.18874 -0.04226 -0.48987
   0.20149 -0.04239 -0.46686
   0.21434 -0.04244 -0.44443
   0.22729 -0.04242 -0.42332
   0.24031 -0.04233 -0.40353
   0.25341 -0.04218 -0.38475
   0.26657 -0.04198 -0.36688
   0.27979 -0.04173 -0.34984
   0.29306 -0.04144 -0.33342
   0.30638 -0.04110 -0.31873
   0.31974 -0.04074 -0.30383
   0.33314 -0.04034 -0.29045
   0.34657 -0.03991 -0.27759
   0.36003 -0.03946 -0.26573
   0.37351 -0.03899 -0.25464
   0.38700 -0.03851 -0.24484
   0.40048 -0.03801 -0.23798
   0.41391 -0.03749 -0.23092
   0.42733 -0.03694 -0.22200
   0.44075 -0.03636 -0.21324
   0.45418 -0.03575 -0.20403
   0.46762 -0.03512 -0.19474
   0.48107 -0.03446 -0.18574
   0.49454 -0.03378 -0.17635
   0.50802 -0.03308 -0.16754
   0.52152 -0.03235 -0.15854
   0.53503 -0.03161 -0.14968
   0.54855 -0.03086 -0.14116
   0.56209 -0.03008 -0.13258
   0.57564 -0.02930 -0.12421
   0.58919 -0.02850 -0.11596
   0.60276 -0.02769 -0.10753
   0.61633 -0.02687 -0.09955
   0.62992 -0.02604 -0.09139
   0.64351 -0.02520 -0.08397
   0.65710 -0.02435 -0.07586
   0.67071 -0.02350 -0.06807
   0.68431 -0.02264 -0.06045
   0.69793 -0.02177 -0.05288
   0.71154 -0.02090 -0.04511
   0.72516 -0.02002 -0.03757
   0.73878 -0.01914 -0.02988
   0.75241 -0.01825 -0.02245
   0.76603 -0.01736 -0.01443
   0.77966 -0.01646 -0.00686
   0.79328 -0.01557  0.00143
   0.80691 -0.01466  0.00947
   0.82053 -0.01375  0.01792
   0.83414 -0.01284  0.02647
   0.84775 -0.01193  0.03573
   0.86135 -0.01101  0.04474
   0.87494 -0.01008  0.05543
   0.88849 -0.00916  0.06626
   0.90199 -0.00823  0.07790
   0.91540 -0.00730  0.09068
   0.92865 -0.00638  0.10533
   0.94163 -0.00546  0.12171
   0.95415 -0.00458  0.14063
   0.96598 -0.00373  0.16304
   0.97685 -0.00295  0.19015
   0.98656 -0.00224  0.22630
   0.99502 -0.00163  0.27721
   1.00000 -0.00126  0.41710
