NACA 2412                                       
 Alfa =   1.00000 Re =        0.000 Xflap,Yflap =     0.000000    0.000000
#    x        y        Cp  
   1.00000  0.00126  0.41888
   0.99512  0.00227  0.25929
   0.98686  0.00396  0.19414
   0.97744  0.00586  0.14475
   0.96694  0.00795  0.10528
   0.95557  0.01018  0.07189
   0.94355  0.01250  0.04176
   0.93112  0.01486  0.01490
   0.91842  0.01723 -0.00910
   0.90556  0.01958 -0.03100
   0.89261  0.02191 -0.05165
   0.87960  0.02421 -0.07059
   0.86656  0.02647 -0.08852
   0.85350  0.02869 -0.10516
   0.84042  0.03087 -0.12136
   0.82732  0.03301 -0.13672
   0.81422  0.03511 -0.15132
   0.80110  0.03717 -0.16539
   0.78798  0.03919 -0.17951
   0.77486  0.04117 -0.19277
   0.76173  0.04310 -0.20570
   0.74859  0.04500 -0.21822
   0.73545  0.04685 -0.23080
   0.72231  0.04866 -0.24307
   0.70916  0.05043 -0.25517
   0.69602  0.05216 -0.26697
   0.68287  0.05384 -0.27869
   0.66972  0.05548 -0.29030
   0.65657  0.05707 -0.30172
   0.64342  0.05862 -0.31330
   0.63027  0.06013 -0.32484
   0.61713  0.06158 -0.33565
   0.60399  0.06299 -0.34713
   0.59085  0.06435 -0.35857
   0.57772  0.06567 -0.36978
   0.56459  0.06693 -0.38086
   0.55147  0.06814 -0.39241
   0.53836  0.06930 -0.40351
   0.52525  0.07041 -0.41516
   0.51216  0.07146 -0.42641
   0.49907  0.07245 -0.43822
   0.48600  0.07339 -0.44978
   0.47294  0.07427 -0.46162
   0.45990  0.07509 -0.47358
   0.44687  0.07584 -0.48610
   0.43387  0.07654 -0.49866
   0.42090  0.07716 -0.51172
   0.40798  0.07772 -0.52596
   0.39512  0.07820 -0.54318
   0.38234  0.07860 -0.55789
   0.36961  0.07890 -0.57062
   0.35692  0.07910 -0.58255
   0.34427  0.07921 -0.59364
   0.33165  0.07921 -0.60436
   0.31907  0.07912 -0.61414
   0.30652  0.07891 -0.62332
   0.29402  0.07861 -0.63277
   0.28155  0.07819 -0.63996
   0.26913  0.07765 -0.64847
   0.25677  0.07701 -0.65504
   0.24446  0.07624 -0.66162
   0.23221  0.07535 -0.66716
   0.22003  0.07434 -0.67239
   0.20793  0.07320 -0.67672
   0.19591  0.07193 -0.67984
   0.18399  0.07052 -0.68268
   0.17219  0.06898 -0.68433
   0.16052  0.06730 -0.68499
   0.14900  0.06547 -0.68452
   0.13767  0.06351 -0.68304
   0.12655  0.06141 -0.68003
   0.11571  0.05917 -0.67605
   0.10519  0.05682 -0.67000
   0.09507  0.05435 -0.66266
   0.08544  0.05181 -0.65350
   0.07637  0.04921 -0.64218
   0.06793  0.04659 -0.62939
   0.06019  0.04399 -0.61398
   0.05316  0.04145 -0.59749
   0.04684  0.03898 -0.57753
   0.04118  0.03660 -0.55651
   0.03615  0.03432 -0.53195
   0.03166  0.03214 -0.50595
   0.02767  0.03005 -0.47676
   0.02411  0.02806 -0.44408
   0.02093  0.02613 -0.40699
   0.01807  0.02428 -0.36656
   0.01551  0.02249 -0.32066
   0.01321  0.02074 -0.27034
   0.01115  0.01904 -0.21113
   0.00929  0.01737 -0.14666
   0.00763  0.01572 -0.07185
   0.00614  0.01410  0.00915
   0.00483  0.01249  0.10362
   0.00369  0.01090  0.20585
   0.00270  0.00932  0.31516
   0.00187  0.00774  0.43553
   0.00119  0.00618  0.55710
   0.00067  0.00462  0.67513
   0.00030  0.00309  0.78425
   0.00008  0.00159  0.87655
   0.00000  0.00012  0.94451
   0.00006 -0.00133  0.98666
   0.00026 -0.00282  0.99989
   0.00062 -0.00432  0.98111
   0.00115 -0.00583  0.93194
   0.00184 -0.00733  0.85671
   0.00271 -0.00880  0.76667
   0.00376 -0.01026  0.66750
   0.00497 -0.01168  0.56761
   0.00635 -0.01308  0.47247
   0.00791 -0.01445  0.38268
   0.00964 -0.01579  0.30266
   0.01156 -0.01711  0.23150
   0.01367 -0.01841  0.16766
   0.01601 -0.01971  0.11229
   0.01858 -0.02099  0.06292
   0.02141 -0.02227  0.02156
   0.02455 -0.02355 -0.01549
   0.02803 -0.02484 -0.04809
   0.03190 -0.02613 -0.07454
   0.03622 -0.02744 -0.09880
   0.04105 -0.02875 -0.11869
   0.04648 -0.03007 -0.13476
   0.05257 -0.03140 -0.14885
   0.05940 -0.03272 -0.15889
   0.06700 -0.03401 -0.16691
   0.07540 -0.03526 -0.17189
   0.08458 -0.03644 -0.17485
   0.09446 -0.03754 -0.17562
   0.10497 -0.03853 -0.17474
   0.11601 -0.03940 -0.17197
   0.12747 -0.04016 -0.16836
   0.13927 -0.04079 -0.16401
   0.15135 -0.04132 -0.15879
   0.16365 -0.04173 -0.15300
   0.17612 -0.04204 -0.14697
   0.18874 -0.04226 -0.14033
   0.20149 -0.04239 -0.13422
   0.21434 -0.04244 -0.12743
   0.22729 -0.04242 -0.12072
   0.24031 -0.04233 -0.11421
   0.25341 -0.04218 -0.10774
   0.26657 -0.04198 -0.10135
   0.27979 -0.04173 -0.09506
   0.29306 -0.04144 -0.08864
   0.30638 -0.04110 -0.08332
   0.31974 -0.04074 -0.07724
   0.33314 -0.04034 -0.07202
   0.34657 -0.03991 -0.06708
   0.36003 -0.03946 -0.06243
   0.37351 -0.03899 -0.05824
   0.38700 -0.03851 -0.05486
   0.40048 -0.03801 -0.05376
   0.41391 -0.03749 -0.05225
   0.42733 -0.03694 -0.04886
   0.44075 -0.03636 -0.04564
   0.45418 -0.03575 -0.04168
   0.46762 -0.03512 -0.03758
   0.48107 -0.03446 -0.03348
   0.49454 -0.03378 -0.02901
   0.50802 -0.03308 -0.02485
   0.52152 -0.03235 -0.02039
   0.53503 -0.03161 -0.01600
   0.54855 -0.03086 -0.01166
   0.56209 -0.03008 -0.00734
   0.57564 -0.02930 -0.00301
   0.58919 -0.02850  0.00141
   0.60276 -0.02769  0.00585
   0.61633 -0.02687  0.01003
   0.62992 -0.02604  0.01455
   0.64351 -0.02520  0.01840
   0.65710 -0.02435  0.02304
   0.67071 -0.02350  0.02718
   0.68431 -0.02264  0.03167
   0.69793 -0.02177  0.03568
   0.71154 -0.02090  0.04030
   0.72516 -0.02002  0.04452
   0.73878 -0.01914  0.04896
   0.75241 -0.01825  0.05327
   0.76603 -0.01736  0.05805
   0.77966 -0.01646  0.06254
   0.79328 -0.01557  0.06769
   0.80691 -0.01466  0.07266
   0.82053 -0.01375  0.07795
   0.83414 -0.01284  0.08326
   0.84775 -0.01193  0.08942
   0.86135 -0.01101  0.09534
   0.87494 -0.01008  0.10269
   0.88849 -0.00916  0.11004
   0.90199 -0.00823  0.11854
   0.91540 -0.00730  0.12776
   0.92865 -0.00638  0.13880
   0.94163 -0.00546  0.15139
   0.95415 -0.00458  0.16672
   0.96598 -0.00373  0.18482
   0.97685 -0.00295  0.20820
   0.98656 -0.00224  0.23964
   0.99502 -0.00163  0.28624
   1.00000 -0.00126  0.41888
