NACA 2412                                       
 Alfa =   3.00000 Re =        0.000 Xflap,Yflap =     0.000000    0.000000
#    x        y        Cp  
   1.00000  0.00126  0.42189
   0.99512  0.00227  0.25931
   0.98686  0.00396  0.19210
   0.97744  0.00586  0.14074
   0.96694  0.00795  0.09904
   0.95557  0.01018  0.06374
   0.94355  0.01250  0.03142
   0.93112  0.01486  0.00256
   0.91842  0.01723 -0.02353
   0.90556  0.01958 -0.04732
   0.89261  0.02191 -0.07005
   0.87960  0.02421 -0.09088
   0.86656  0.02647 -0.11075
   0.85350  0.02869 -0.12942
   0.84042  0.03087 -0.14757
   0.82732  0.03301 -0.16475
   0.81422  0.03511 -0.18137
   0.80110  0.03717 -0.19742
   0.78798  0.03919 -0.21349
   0.77486  0.04117 -0.22871
   0.76173  0.04310 -0.24368
   0.74859  0.04500 -0.25822
   0.73545  0.04685 -0.27279
   0.72231  0.04866 -0.28725
   0.70916  0.05043 -0.30136
   0.69602  0.05216 -0.31537
   0.68287  0.05384 -0.32928
   0.66972  0.05548 -0.34309
   0.65657  0.05707 -0.35679
   0.64342  0.05862 -0.37063
   0.63027  0.06013 -0.38466
   0.61713  0.06158 -0.39774
   0.60399  0.06299 -0.41185
   0.59085  0.06435 -0.42568
   0.57772  0.06567 -0.43962
   0.56459  0.06693 -0.45330
   0.55147  0.06814 -0.46766
   0.53836  0.06930 -0.48158
   0.52525  0.07041 -0.49612
   0.51216  0.07146 -0.51046
   0.49907  0.07245 -0.52533
   0.48600  0.07339 -0.54015
   0.47294  0.07427 -0.55529
   0.45990  0.07509 -0.57082
   0.44687  0.07584 -0.58692
   0.43387  0.07654 -0.60323
   0.42090  0.07716 -0.62027
   0.40798  0.07772 -0.63873
   0.39512  0.07820 -0.66049
   0.38234  0.07860 -0.67978
   0.36961  0.07890 -0.69710
   0.35692  0.07910 -0.71382
   0.34427  0.07921 -0.72979
   0.33165  0.07921 -0.74560
   0.31907  0.07912 -0.76066
   0.30652  0.07891 -0.77530
   0.29402  0.07861 -0.79049
   0.28155  0.07819 -0.80359
   0.26913  0.07765 -0.81843
   0.25677  0.07701 -0.83152
   0.24446  0.07624 -0.84499
   0.23221  0.07535 -0.85778
   0.22003  0.07434 -0.87072
   0.20793  0.07320 -0.88317
   0.19591  0.07193 -0.89487
   0.18399  0.07052 -0.90693
   0.17219  0.06898 -0.91842
   0.16052  0.06730 -0.92960
   0.14900  0.06547 -0.94048
   0.13767  0.06351 -0.95123
   0.12655  0.06141 -0.96147
   0.11571  0.05917 -0.97187
   0.10519  0.05682 -0.98141
   0.09507  0.05435 -0.99102
   0.08544  0.05181 -1.00019
   0.07637  0.04921 -1.00859
   0.06793  0.04659 -1.01694
   0.06019  0.04399 -1.02387
   0.05316  0.04145 -1.03094
   0.04684  0.03898 -1.03544
   0.04118  0.03660 -1.03979
   0.03615  0.03432 -1.04121
   0.03166  0.03214 -1.04193
   0.02767  0.03005 -1.04000
   0.02411  0.02806 -1.03496
   0.02093  0.02613 -1.02568
   0.01807  0.02428 -1.01341
   0.01551  0.02249 -0.99552
   0.01321  0.02074 -0.97314
   0.01115  0.01904 -0.94039
   0.00929  0.01737 -0.90133
   0.00763  0.01572 -0.84885
   0.00614  0.01410 -0.78724
   0.00483  0.01249 -0.70530
   0.00369  0.01090 -0.60841
   0.00270  0.00932 -0.49501
   0.00187  0.00774 -0.35491
   0.00119  0.00618 -0.19850
   0.00067  0.00462 -0.02797
   0.00030  0.00309  0.15268
   0.00008  0.00159  0.33357
   0.00000  0.00012  0.50135
   0.00006 -0.00133  0.65292
   0.00026 -0.00282  0.78606
   0.00062 -0.00432  0.89072
   0.00115 -0.00583  0.96098
   0.00184 -0.00733  0.99563
   0.00271 -0.00880  0.99695
   0.00376 -0.01026  0.97187
   0.00497 -0.01168  0.92788
   0.00635 -0.01308  0.87222
   0.00791 -0.01445  0.80930
   0.00964 -0.01579  0.74470
   0.01156 -0.01711  0.68064
   0.01367 -0.01841  0.61782
   0.01601 -0.01971  0.55846
   0.01858 -0.02099  0.50175
   0.02141 -0.02227  0.44991
   0.02455 -0.02355  0.40072
   0.02803 -0.02484  0.35460
   0.03190 -0.02613  0.31316
   0.03622 -0.02744  0.27347
   0.04105 -0.02875  0.23744
   0.04648 -0.03007  0.20480
   0.05257 -0.03140  0.17415
   0.05940 -0.03272  0.14740
   0.06700 -0.03401  0.12301
   0.07540 -0.03526  0.10203
   0.08458 -0.03644  0.08378
   0.09446 -0.03754  0.06852
   0.10497 -0.03853  0.05586
   0.11601 -0.03940  0.04604
   0.12747 -0.04016  0.03807
   0.13927 -0.04079  0.03180
   0.15135 -0.04132  0.02727
   0.16365 -0.04173  0.02408
   0.17612 -0.04204  0.02188
   0.18874 -0.04226  0.02090
   0.20149 -0.04239  0.02002
   0.21434 -0.04244  0.02029
   0.22729 -0.04242  0.02094
   0.24031 -0.04233  0.02184
   0.25341 -0.04218  0.02306
   0.26657 -0.04198  0.02453
   0.27979 -0.04173  0.02620
   0.29306 -0.04144  0.02828
   0.30638 -0.04110  0.02953
   0.31974 -0.04074  0.03175
   0.33314 -0.04034  0.03339
   0.34657 -0.03991  0.03484
   0.36003 -0.03946  0.03631
   0.37351 -0.03899  0.03745
   0.38700 -0.03851  0.03797
   0.40048 -0.03801  0.03652
   0.41391 -0.03749  0.03558
   0.42733 -0.03694  0.03648
   0.44075 -0.03636  0.03720
   0.45418 -0.03575  0.03879
   0.46762 -0.03512  0.04055
   0.48107 -0.03446  0.04241
   0.49454 -0.03378  0.04464
   0.50802 -0.03308  0.04667
   0.52152 -0.03235  0.04903
   0.53503 -0.03161  0.05138
   0.54855 -0.03086  0.05379
   0.56209 -0.03008  0.05614
   0.57564 -0.02930  0.05858
   0.58919 -0.02850  0.06123
   0.60276 -0.02769  0.06381
   0.61633 -0.02687  0.06622
   0.62992 -0.02604  0.06903
   0.64351 -0.02520  0.07120
   0.65710 -0.02435  0.07421
   0.67071 -0.02350  0.07664
   0.68431 -0.02264  0.07965
   0.69793 -0.02177  0.08196
   0.71154 -0.02090  0.08509
   0.72516 -0.02002  0.08773
   0.73878 -0.01914  0.09063
   0.75241 -0.01825  0.09345
   0.76603 -0.01736  0.09668
   0.77966 -0.01646  0.09969
   0.79328 -0.01557  0.10333
   0.80691 -0.01466  0.10682
   0.82053 -0.01375  0.11059
   0.83414 -0.01284  0.11433
   0.84775 -0.01193  0.11898
   0.86135 -0.01101  0.12340
   0.87494 -0.01008  0.12912
   0.88849 -0.00916  0.13476
   0.90199 -0.00823  0.14172
   0.91540 -0.00730  0.14918
   0.92865 -0.00638  0.15843
   0.94163 -0.00546  0.16911
   0.95415 -0.00458  0.18265
   0.96598 -0.00373  0.19857
   0.97685 -0.00295  0.22003
   0.98656 -0.00224  0.24904
   0.99502 -0.00163  0.29333
   1.00000 -0.00126  0.42189
