NACA 2412                                       
 Alfa =  -2.00000 Re =        0.000 Xflap,Yflap =     0.000000    0.000000
#    x        y        Cp  
   1.00000  0.00126  0.41701
   0.99512  0.00227  0.26265
   0.98686  0.00396  0.20087
   0.97744  0.00586  0.15463
   0.96694  0.00795  0.11864
   0.95557  0.01018  0.08826
   0.94355  0.01250  0.06150
   0.93112  0.01486  0.03771
   0.91842  0.01723  0.01690
   0.90556  0.01958 -0.00212
   0.89261  0.02191 -0.01961
   0.87960  0.02421 -0.03570
   0.86656  0.02647 -0.05072
   0.85350  0.02869 -0.06432
   0.84042  0.03087 -0.07760
   0.82732  0.03301 -0.09023
   0.81422  0.03511 -0.10184
   0.80110  0.03717 -0.11297
   0.78798  0.03919 -0.12418
   0.77486  0.04117 -0.13456
   0.76173  0.04310 -0.14449
   0.74859  0.04500 -0.15403
   0.73545  0.04685 -0.16368
   0.72231  0.04866 -0.17276
   0.70916  0.05043 -0.18190
   0.69602  0.05216 -0.19047
   0.68287  0.05384 -0.19900
   0.66972  0.05548 -0.20741
   0.65657  0.05707 -0.21552
   0.64342  0.05862 -0.22383
   0.63027  0.06013 -0.23177
   0.61713  0.06158 -0.23931
   0.60399  0.06299 -0.24699
   0.59085  0.06435 -0.25500
   0.57772  0.06567 -0.26229
   0.56459  0.06693 -0.26963
   0.55147  0.06814 -0.27717
   0.53836  0.06930 -0.28427
   0.52525  0.07041 -0.29178
   0.51216  0.07146 -0.29864
   0.49907  0.07245 -0.30611
   0.48600  0.07339 -0.31307
   0.47294  0.07427 -0.32025
   0.45990  0.07509 -0.32718
   0.44687  0.07584 -0.33467
   0.43387  0.07654 -0.34196
   0.42090  0.07716 -0.34947
   0.40798  0.07772 -0.35780
   0.39512  0.07820 -0.36866
   0.38234  0.07860 -0.37701
   0.36961  0.07890 -0.38339
   0.35692  0.07910 -0.38871
   0.34427  0.07921 -0.39311
   0.33165  0.07921 -0.39687
   0.31907  0.07912 -0.39946
   0.30652  0.07891 -0.40126
   0.29402  0.07861 -0.40295
   0.28155  0.07819 -0.40222
   0.26913  0.07765 -0.40226
   0.25677  0.07701 -0.40018
   0.24446  0.07624 -0.39766
   0.23221  0.07535 -0.39367
   0.22003  0.07434 -0.38882
   0.20793  0.07320 -0.38262
   0.19591  0.07193 -0.37468
   0.18399  0.07052 -0.36573
   0.17219  0.06898 -0.35491
   0.16052  0.06730 -0.34234
   0.14900  0.06547 -0.32775
   0.13767  0.06351 -0.31121
   0.12655  0.06141 -0.29206
   0.11571  0.05917 -0.27078
   0.10519  0.05682 -0.24627
   0.09507  0.05435 -0.21916
   0.08544  0.05181 -0.18898
   0.07637  0.04921 -0.15551
   0.06793  0.04659 -0.11946
   0.06019  0.04399 -0.08011
   0.05316  0.04145 -0.03899
   0.04684  0.03898  0.00567
   0.04118  0.03660  0.05151
   0.03615  0.03432  0.10038
   0.03166  0.03214  0.15037
   0.02767  0.03005  0.20268
   0.02411  0.02806  0.25729
   0.02093  0.02613  0.31458
   0.01807  0.02428  0.37352
   0.01551  0.02249  0.43520
   0.01321  0.02074  0.49840
   0.01115  0.01904  0.56517
   0.00929  0.01737  0.63229
   0.00763  0.01572  0.70142
   0.00614  0.01410  0.76857
   0.00483  0.01249  0.83508
   0.00369  0.01090  0.89526
   0.00270  0.00932  0.94568
   0.00187  0.00774  0.98292
   0.00119  0.00618  0.99959
   0.00067  0.00462  0.99058
   0.00030  0.00309  0.95141
   0.00008  0.00159  0.87976
   0.00000  0.00012  0.77846
   0.00006 -0.00133  0.64588
   0.00026 -0.00282  0.48131
   0.00062 -0.00432  0.29612
   0.00115 -0.00583  0.10175
   0.00184 -0.00733 -0.09092
   0.00271 -0.00880 -0.26234
   0.00376 -0.01026 -0.41259
   0.00497 -0.01168 -0.53616
   0.00635 -0.01308 -0.63273
   0.00791 -0.01445 -0.70899
   0.00964 -0.01579 -0.76285
   0.01156 -0.01711 -0.80041
   0.01367 -0.01841 -0.82604
   0.01601 -0.01971 -0.84004
   0.01858 -0.02099 -0.84679
   0.02141 -0.02227 -0.84426
   0.02455 -0.02355 -0.83793
   0.02803 -0.02484 -0.82771
   0.03190 -0.02613 -0.81148
   0.03622 -0.02744 -0.79444
   0.04105 -0.02875 -0.77382
   0.04648 -0.03007 -0.75038
   0.05257 -0.03140 -0.72646
   0.05940 -0.03272 -0.69971
   0.06700 -0.03401 -0.67275
   0.07540 -0.03526 -0.64454
   0.08458 -0.03644 -0.61658
   0.09446 -0.03754 -0.58868
   0.10497 -0.03853 -0.56153
   0.11601 -0.03940 -0.53477
   0.12747 -0.04016 -0.50942
   0.13927 -0.04079 -0.48540
   0.15135 -0.04132 -0.46234
   0.16365 -0.04173 -0.44033
   0.17612 -0.04204 -0.41954
   0.18874 -0.04226 -0.39937
   0.20149 -0.04239 -0.38093
   0.21434 -0.04244 -0.36272
   0.22729 -0.04242 -0.34549
   0.24031 -0.04233 -0.32927
   0.25341 -0.04218 -0.31378
   0.26657 -0.04198 -0.29898
   0.27979 -0.04173 -0.28480
   0.29306 -0.04144 -0.27104
   0.30638 -0.04110 -0.25884
   0.31974 -0.04074 -0.24628
   0.33314 -0.04034 -0.23506
   0.34657 -0.03991 -0.22429
   0.36003 -0.03946 -0.21433
   0.37351 -0.03899 -0.20506
   0.38700 -0.03851 -0.19695
   0.40048 -0.03801 -0.19161
   0.41391 -0.03749 -0.18601
   0.42733 -0.03694 -0.17854
   0.44075 -0.03636 -0.17123
   0.45418 -0.03575 -0.16339
   0.46762 -0.03512 -0.15546
   0.48107 -0.03446 -0.14773
   0.49454 -0.03378 -0.13962
   0.50802 -0.03308 -0.13202
   0.52152 -0.03235 -0.12420
   0.53503 -0.03161 -0.11650
   0.54855 -0.03086 -0.10906
   0.56209 -0.03008 -0.10158
   0.57564 -0.02930 -0.09425
   0.58919 -0.02850 -0.08699
   0.60276 -0.02769 -0.07959
   0.61633 -0.02687 -0.07259
   0.62992 -0.02604 -0.06537
   0.64351 -0.02520 -0.05886
   0.65710 -0.02435 -0.05164
   0.67071 -0.02350 -0.04479
   0.68431 -0.02264 -0.03797
   0.69793 -0.02177 -0.03131
   0.71154 -0.02090 -0.02434
   0.72516 -0.02002 -0.01766
   0.73878 -0.01914 -0.01079
   0.75241 -0.01825 -0.00416
   0.76603 -0.01736  0.00304
   0.77966 -0.01646  0.00982
   0.79328 -0.01557  0.01732
   0.80691 -0.01466  0.02457
   0.82053 -0.01375  0.03223
   0.83414 -0.01284  0.03996
   0.84775 -0.01193  0.04843
   0.86135 -0.01101  0.05666
   0.87494 -0.01008  0.06651
   0.88849 -0.00916  0.07646
   0.90199 -0.00823  0.08732
   0.91540 -0.00730  0.09920
   0.92865 -0.00638  0.11295
   0.94163 -0.00546  0.12838
   0.95415 -0.00458  0.14641
   0.96598 -0.00373  0.16775
   0.97685 -0.00295  0.19394
   0.98656 -0.00224  0.22894
   0.99502 -0.00163  0.27882
   1.00000 -0.00126  0.41701
