NACA 2412                                       
 Alfa =   2.00000 Re =        0.000 Xflap,Yflap =     0.000000    0.000000
#    x        y        Cp  
   1.00000  0.00126  0.42021
   0.99512  0.00227  0.25907
   0.98686  0.00396  0.19288
   0.97744  0.00586  0.14248
   0.96694  0.00795  0.10189
   0.95557  0.01018  0.06754
   0.94355  0.01250  0.03630
   0.93112  0.01486  0.00844
   0.91842  0.01723 -0.01661
   0.90556  0.01958 -0.03946
   0.89261  0.02191 -0.06115
   0.87960  0.02421 -0.08104
   0.86656  0.02647 -0.09994
   0.85350  0.02869 -0.11760
   0.84042  0.03087 -0.13477
   0.82732  0.03301 -0.15104
   0.81422  0.03511 -0.16665
   0.80110  0.03717 -0.18171
   0.78798  0.03919 -0.19681
   0.77486  0.04117 -0.21105
   0.76173  0.04310 -0.22499
   0.74859  0.04500 -0.23851
   0.73545  0.04685 -0.25209
   0.72231  0.04866 -0.26545
   0.70916  0.05043 -0.27855
   0.69602  0.05216 -0.29145
   0.68287  0.05384 -0.30426
   0.66972  0.05548 -0.31697
   0.65657  0.05707 -0.32952
   0.64342  0.05862 -0.34222
   0.63027  0.06013 -0.35500
   0.61713  0.06158 -0.36694
   0.60399  0.06299 -0.37972
   0.59085  0.06435 -0.39235
   0.57772  0.06567 -0.40491
   0.56459  0.06693 -0.41728
   0.55147  0.06814 -0.43022
   0.53836  0.06930 -0.44272
   0.52525  0.07041 -0.45580
   0.51216  0.07146 -0.46858
   0.49907  0.07245 -0.48191
   0.48600  0.07339 -0.49508
   0.47294  0.07427 -0.50855
   0.45990  0.07509 -0.52227
   0.44687  0.07584 -0.53656
   0.43387  0.07654 -0.55098
   0.42090  0.07716 -0.56600
   0.40798  0.07772 -0.58232
   0.39512  0.07820 -0.60179
   0.38234  0.07860 -0.61876
   0.36961  0.07890 -0.63375
   0.35692  0.07910 -0.64803
   0.34427  0.07921 -0.66153
   0.33165  0.07921 -0.67475
   0.31907  0.07912 -0.68711
   0.30652  0.07891 -0.69898
   0.29402  0.07861 -0.71124
   0.28155  0.07819 -0.72133
   0.26913  0.07765 -0.73293
   0.25677  0.07701 -0.74270
   0.24446  0.07624 -0.75264
   0.23221  0.07535 -0.76172
   0.22003  0.07434 -0.77070
   0.20793  0.07320 -0.77899
   0.19591  0.07193 -0.78628
   0.18399  0.07052 -0.79360
   0.17219  0.06898 -0.80002
   0.16052  0.06730 -0.80577
   0.14900  0.06547 -0.81079
   0.13767  0.06351 -0.81521
   0.12655  0.06141 -0.81858
   0.11571  0.05917 -0.82151
   0.10519  0.05682 -0.82294
   0.09507  0.05435 -0.82370
   0.08544  0.05181 -0.82328
   0.07637  0.04921 -0.82133
   0.06793  0.04659 -0.81856
   0.06019  0.04399 -0.81369
   0.05316  0.04145 -0.80827
   0.04684  0.03898 -0.79975
   0.04118  0.03660 -0.79054
   0.03615  0.03432 -0.77800
   0.03166  0.03214 -0.76430
   0.02767  0.03005 -0.74757
   0.02411  0.02806 -0.72741
   0.02093  0.02613 -0.70280
   0.01807  0.02428 -0.67488
   0.01551  0.02249 -0.64124
   0.01321  0.02074 -0.60296
   0.01115  0.01904 -0.55485
   0.00929  0.01737 -0.50073
   0.00763  0.01572 -0.43447
   0.00614  0.01410 -0.36031
   0.00483  0.01249 -0.26899
   0.00369  0.01090 -0.16609
   0.00270  0.00932 -0.05121
   0.00187  0.00774  0.08261
   0.00119  0.00618  0.22513
   0.00067  0.00462  0.37266
   0.00030  0.00309  0.52031
   0.00008  0.00159  0.65901
   0.00000  0.00012  0.77823
   0.00006 -0.00133  0.87584
   0.00026 -0.00282  0.94893
   0.00062 -0.00432  0.99067
   0.00115 -0.00583  0.99900
   0.00184 -0.00733  0.97559
   0.00271 -0.00880  0.92755
   0.00376 -0.01026  0.86145
   0.00497 -0.01168  0.78551
   0.00635 -0.01308  0.70626
   0.00791 -0.01445  0.62633
   0.00964 -0.01579  0.55073
   0.01156 -0.01711  0.48017
   0.01367 -0.01841  0.41418
   0.01601 -0.01971  0.35446
   0.01858 -0.02099  0.29930
   0.02141 -0.02227  0.25082
   0.02455 -0.02355  0.20601
   0.02803 -0.02484  0.16514
   0.03190 -0.02613  0.12985
   0.03622 -0.02744  0.09665
   0.04105 -0.02875  0.06760
   0.04648 -0.03007  0.04226
   0.05257 -0.03140  0.01900
   0.05940 -0.03272 -0.00019
   0.06700 -0.03401 -0.01709
   0.07540 -0.03526 -0.03069
   0.08458 -0.03644 -0.04183
   0.09446 -0.03754 -0.05032
   0.10497 -0.03853 -0.05662
   0.11601 -0.03940 -0.06049
   0.12747 -0.04016 -0.06296
   0.13927 -0.04079 -0.06418
   0.15135 -0.04132 -0.06405
   0.16365 -0.04173 -0.06294
   0.17612 -0.04204 -0.06119
   0.18874 -0.04226 -0.05850
   0.20149 -0.04239 -0.05602
   0.21434 -0.04244 -0.05259
   0.22729 -0.04242 -0.04901
   0.24031 -0.04233 -0.04539
   0.25341 -0.04218 -0.04163
   0.26657 -0.04198 -0.03777
   0.27979 -0.04173 -0.03386
   0.29306 -0.04144 -0.02966
   0.30638 -0.04110 -0.02643
   0.31974 -0.04074 -0.02233
   0.33314 -0.04034 -0.01894
   0.34657 -0.03991 -0.01579
   0.36003 -0.03946 -0.01277
   0.37351 -0.03899 -0.01014
   0.38700 -0.03851 -0.00822
   0.40048 -0.03801 -0.00842
   0.41391 -0.03749 -0.00816
   0.42733 -0.03694 -0.00605
   0.44075 -0.03636 -0.00410
   0.45418 -0.03575 -0.00134
   0.46762 -0.03512  0.00156
   0.48107 -0.03446  0.00452
   0.49454 -0.03378  0.00786
   0.50802 -0.03308  0.01093
   0.52152 -0.03235  0.01433
   0.53503 -0.03161  0.01768
   0.54855 -0.03086  0.02104
   0.56209 -0.03008  0.02436
   0.57564 -0.02930  0.02773
   0.58919 -0.02850  0.03126
   0.60276 -0.02769  0.03475
   0.61633 -0.02687  0.03804
   0.62992 -0.02604  0.04169
   0.64351 -0.02520  0.04469
   0.65710 -0.02435  0.04851
   0.67071 -0.02350  0.05178
   0.68431 -0.02264  0.05553
   0.69793 -0.02177  0.05867
   0.71154 -0.02090  0.06254
   0.72516 -0.02002  0.06596
   0.73878 -0.01914  0.06963
   0.75241 -0.01825  0.07319
   0.76603 -0.01736  0.07719
   0.77966 -0.01646  0.08093
   0.79328 -0.01557  0.08532
   0.80691 -0.01466  0.08954
   0.82053 -0.01375  0.09407
   0.83414 -0.01284  0.09859
   0.84775 -0.01193  0.10399
   0.86135 -0.01101  0.10915
   0.87494 -0.01008  0.11568
   0.88849 -0.00916  0.12218
   0.90199 -0.00823  0.12990
   0.91540 -0.00730  0.13824
   0.92865 -0.00638  0.14839
   0.94163 -0.00546  0.16002
   0.95415 -0.00458  0.17445
   0.96598 -0.00373  0.19146
   0.97685 -0.00295  0.21389
   0.98656 -0.00224  0.24412
   0.99502 -0.00163  0.28957
   1.00000 -0.00126  0.42021
