NACA 2412                                       
 Alfa =   4.00000 Re =        0.000 Xflap,Yflap =     0.000000    0.000000
#    x        y        Cp  
   1.00000  0.00126  0.42392
   0.99512  0.00227  0.25999
   0.98686  0.00396  0.19182
   0.97744  0.00586  0.13952
   0.96694  0.00795  0.09674
   0.95557  0.01018  0.06051
   0.94355  0.01250  0.02711
   0.93112  0.01486 -0.00272
   0.91842  0.01723 -0.02985
   0.90556  0.01958 -0.05457
   0.89261  0.02191 -0.07833
   0.87960  0.02421 -0.10010
   0.86656  0.02647 -0.12093
   0.85350  0.02869 -0.14061
   0.84042  0.03087 -0.15973
   0.82732  0.03301 -0.17783
   0.81422  0.03511 -0.19545
   0.80110  0.03717 -0.21250
   0.78798  0.03919 -0.22955
   0.77486  0.04117 -0.24575
   0.76173  0.04310 -0.26174
   0.74859  0.04500 -0.27730
   0.73545  0.04685 -0.29288
   0.72231  0.04866 -0.30844
   0.70916  0.05043 -0.32357
   0.69602  0.05216 -0.33871
   0.68287  0.05384 -0.35372
   0.66972  0.05548 -0.36865
   0.65657  0.05707 -0.38351
   0.64342  0.05862 -0.39849
   0.63027  0.06013 -0.41378
   0.61713  0.06158 -0.42803
   0.60399  0.06299 -0.44348
   0.59085  0.06435 -0.45853
   0.57772  0.06567 -0.47386
   0.56459  0.06693 -0.48888
   0.55147  0.06814 -0.50468
   0.53836  0.06930 -0.52004
   0.52525  0.07041 -0.53606
   0.51216  0.07146 -0.55200
   0.49907  0.07245 -0.56845
   0.48600  0.07339 -0.58494
   0.47294  0.07427 -0.60178
   0.45990  0.07509 -0.61916
   0.44687  0.07584 -0.63710
   0.43387  0.07654 -0.65536
   0.42090  0.07716 -0.67445
   0.40798  0.07772 -0.69510
   0.39512  0.07820 -0.71923
   0.38234  0.07860 -0.74089
   0.36961  0.07890 -0.76061
   0.35692  0.07910 -0.77983
   0.34427  0.07921 -0.79836
   0.33165  0.07921 -0.81684
   0.31907  0.07912 -0.83467
   0.30652  0.07891 -0.85219
   0.29402  0.07861 -0.87041
   0.28155  0.07819 -0.88665
   0.26913  0.07765 -0.90485
   0.25677  0.07701 -0.92142
   0.24446  0.07624 -0.93856
   0.23221  0.07535 -0.95524
   0.22003  0.07434 -0.97231
   0.20793  0.07320 -0.98913
   0.19591  0.07193 -1.00548
   0.18399  0.07052 -1.02254
   0.17219  0.06898 -1.03938
   0.16052  0.06730 -1.05632
   0.14900  0.06547 -1.07344
   0.13767  0.06351 -1.09093
   0.12655  0.06141 -1.10852
   0.11571  0.05917 -1.12695
   0.10519  0.05682 -1.14524
   0.09507  0.05435 -1.16441
   0.08544  0.05181 -1.18401
   0.07637  0.04921 -1.20373
   0.06793  0.04659 -1.22430
   0.06019  0.04399 -1.24427
   0.05316  0.04145 -1.26522
   0.04684  0.03898 -1.28431
   0.04118  0.03660 -1.30395
   0.03615  0.03432 -1.32125
   0.03166  0.03214 -1.33852
   0.02767  0.03005 -1.35372
   0.02411  0.02806 -1.36636
   0.02093  0.02613 -1.37523
   0.01807  0.02428 -1.38175
   0.01551  0.02249 -1.38306
   0.01321  0.02074 -1.38042
   0.01115  0.01904 -1.36727
   0.00929  0.01737 -1.34799
   0.00763  0.01572 -1.31447
   0.00614  0.01410 -1.27113
   0.00483  0.01249 -1.20478
   0.00369  0.01090 -1.12058
   0.00270  0.00932 -1.01571
   0.00187  0.00774 -0.87651
   0.00119  0.00618 -0.71326
   0.00067  0.00462 -0.52626
   0.00030  0.00309 -0.31819
   0.00008  0.00159 -0.09937
   0.00000  0.00012  0.11422
   0.00006 -0.00133  0.31818
   0.00026 -0.00282  0.51147
   0.00062 -0.00432  0.68138
   0.00115 -0.00583  0.81793
   0.00184 -0.00733  0.91680
   0.00271 -0.00880  0.97479
   0.00376 -0.01026  0.99864
   0.00497 -0.01168  0.99454
   0.00635 -0.01308  0.97012
   0.00791 -0.01445  0.93138
   0.00964 -0.01579  0.88431
   0.01156 -0.01711  0.83265
   0.01367 -0.01841  0.77830
   0.01601 -0.01971  0.72405
   0.01858 -0.02099  0.67002
   0.02141 -0.02227  0.61859
   0.02455 -0.02355  0.56840
   0.02803 -0.02484  0.52004
   0.03190 -0.02613  0.47518
   0.03622 -0.02744  0.43144
   0.04105 -0.02875  0.39064
   0.04648 -0.03007  0.35268
   0.05257 -0.03140  0.31640
   0.05940 -0.03272  0.28368
   0.06700 -0.03401  0.25323
   0.07540 -0.03526  0.22611
   0.08458 -0.03644  0.20186
   0.09446 -0.03754  0.18076
   0.10497 -0.03853  0.16254
   0.11601 -0.03940  0.14747
   0.12747 -0.04016  0.13461
   0.13927 -0.04079  0.12380
   0.15135 -0.04132  0.11505
   0.16365 -0.04173  0.10796
   0.17612 -0.04204  0.10214
   0.18874 -0.04226  0.09778
   0.20149 -0.04239  0.09379
   0.21434 -0.04244  0.09114
   0.22729 -0.04242  0.08906
   0.24031 -0.04233  0.08742
   0.25341 -0.04218  0.08626
   0.26657 -0.04198  0.08548
   0.27979 -0.04173  0.08503
   0.29306 -0.04144  0.08512
   0.30638 -0.04110  0.08450
   0.31974 -0.04074  0.08494
   0.33314 -0.04034  0.08492
   0.34657 -0.03991  0.08475
   0.36003 -0.03946  0.08474
   0.37351 -0.03899  0.08445
   0.38700 -0.03851  0.08365
   0.40048 -0.03801  0.08101
   0.41391 -0.03749  0.07892
   0.42733 -0.03694  0.07865
   0.44075 -0.03636  0.07821
   0.45418 -0.03575  0.07868
   0.46762 -0.03512  0.07933
   0.48107 -0.03446  0.08013
   0.49454 -0.03378  0.08130
   0.50802 -0.03308  0.08231
   0.52152 -0.03235  0.08369
   0.53503 -0.03161  0.08506
   0.54855 -0.03086  0.08654
   0.56209 -0.03008  0.08796
   0.57564 -0.02930  0.08950
   0.58919 -0.02850  0.09129
   0.60276 -0.02769  0.09298
   0.61633 -0.02687  0.09454
   0.62992 -0.02604  0.09653
   0.64351 -0.02520  0.09790
   0.65710 -0.02435  0.10012
   0.67071 -0.02350  0.10172
   0.68431 -0.02264  0.10401
   0.69793 -0.02177  0.10551
   0.71154 -0.02090  0.10791
   0.72516 -0.02002  0.10979
   0.73878 -0.01914  0.11194
   0.75241 -0.01825  0.11404
   0.76603 -0.01736  0.11652
   0.77966 -0.01646  0.11881
   0.79328 -0.01557  0.12171
   0.80691 -0.01466  0.12447
   0.82053 -0.01375  0.12749
   0.83414 -0.01284  0.13047
   0.84775 -0.01193  0.13437
   0.86135 -0.01101  0.13805
   0.87494 -0.01008  0.14297
   0.88849 -0.00916  0.14778
   0.90199 -0.00823  0.15397
   0.91540 -0.00730  0.16056
   0.92865 -0.00638  0.16892
   0.94163 -0.00546  0.17866
   0.95415 -0.00458  0.19130
   0.96598 -0.00373  0.20613
   0.97685 -0.00295  0.22662
   0.98656 -0.00224  0.25440
   0.99502 -0.00163  0.29751
   1.00000 -0.00126  0.42392
