NACA 2412                                       
 Alfa =  -4.00000 Re =        0.000 Xflap,Yflap =     0.000000    0.000000
#    x        y        Cp  
   1.00000  0.00126  0.41754
   0.99512  0.00227  0.26713
   0.98686  0.00396  0.20776
   0.97744  0.00586  0.16376
   0.96694  0.00795  0.13017
   0.95557  0.01018  0.10185
   0.94355  0.01250  0.07739
   0.93112  0.01486  0.05567
   0.91842  0.01723  0.03702
   0.90556  0.01958  0.01993
   0.89261  0.02191  0.00455
   0.87960  0.02421 -0.00964
   0.86656  0.02647 -0.02272
   0.85350  0.02869 -0.03431
   0.84042  0.03087 -0.04567
   0.82732  0.03301 -0.05649
   0.81422  0.03511 -0.06615
   0.80110  0.03717 -0.07535
   0.78798  0.03919 -0.08466
   0.77486  0.04117 -0.09315
   0.76173  0.04310 -0.10113
   0.74859  0.04500 -0.10874
   0.73545  0.04685 -0.11649
   0.72231  0.04866 -0.12351
   0.70916  0.05043 -0.13074
   0.69602  0.05216 -0.13723
   0.68287  0.05384 -0.14371
   0.66972  0.05548 -0.15007
   0.65657  0.05707 -0.15607
   0.64342  0.05862 -0.16228
   0.63027  0.06013 -0.16794
   0.61713  0.06158 -0.17339
   0.60399  0.06299 -0.17867
   0.59085  0.06435 -0.18449
   0.57772  0.06567 -0.18932
   0.56459  0.06693 -0.19431
   0.55147  0.06814 -0.19932
   0.53836  0.06930 -0.20390
   0.52525  0.07041 -0.20883
   0.51216  0.07146 -0.21294
   0.49907  0.07245 -0.21771
   0.48600  0.07339 -0.22181
   0.47294  0.07427 -0.22609
   0.45990  0.07509 -0.22991
   0.44687  0.07584 -0.23430
   0.43387  0.07654 -0.23835
   0.42090  0.07716 -0.24244
   0.40798  0.07772 -0.24715
   0.39512  0.07820 -0.25410
   0.38234  0.07860 -0.25858
   0.36961  0.07890 -0.26112
   0.35692  0.07910 -0.26244
   0.34427  0.07921 -0.26284
   0.33165  0.07921 -0.26245
   0.31907  0.07912 -0.26077
   0.30652  0.07891 -0.25821
   0.29402  0.07861 -0.25534
   0.28155  0.07819 -0.24999
   0.26913  0.07765 -0.24511
   0.25677  0.07701 -0.23805
   0.24446  0.07624 -0.23032
   0.23221  0.07535 -0.22092
   0.22003  0.07434 -0.21041
   0.20793  0.07320 -0.19833
   0.19591  0.07193 -0.18429
   0.18399  0.07052 -0.16889
   0.17219  0.06898 -0.15134
   0.16052  0.06730 -0.13172
   0.14900  0.06547 -0.10971
   0.13767  0.06351 -0.08538
   0.12655  0.06141 -0.05806
   0.11571  0.05917 -0.02818
   0.10519  0.05682  0.00529
   0.09507  0.05435  0.04172
   0.08544  0.05181  0.08148
   0.07637  0.04921  0.12468
   0.06793  0.04659  0.17048
   0.06019  0.04399  0.21932
   0.05316  0.04145  0.26959
   0.04684  0.03898  0.32260
   0.04118  0.03660  0.37605
   0.03615  0.03432  0.43124
   0.03166  0.03214  0.48636
   0.02767  0.03005  0.54214
   0.02411  0.02806  0.59825
   0.02093  0.02613  0.65456
   0.01807  0.02428  0.70994
   0.01551  0.02249  0.76457
   0.01321  0.02074  0.81694
   0.01115  0.01904  0.86730
   0.00929  0.01737  0.91252
   0.00763  0.01572  0.95178
   0.00614  0.01410  0.98113
   0.00483  0.01249  0.99798
   0.00369  0.01090  0.99694
   0.00270  0.00932  0.97320
   0.00187  0.00774  0.91972
   0.00119  0.00618  0.83188
   0.00067  0.00462  0.70658
   0.00030  0.00309  0.54192
   0.00008  0.00159  0.34105
   0.00000  0.00012  0.11470
   0.00006 -0.00133 -0.14062
   0.00026 -0.00282 -0.42150
   0.00062 -0.00432 -0.70434
   0.00115 -0.00583 -0.97220
   0.00184 -0.00733 -1.21102
   0.00271 -0.00880 -1.39919
   0.00376 -0.01026 -1.54324
   0.00497 -0.01168 -1.64236
   0.00635 -0.01308 -1.70134
   0.00791 -0.01445 -1.73275
   0.00964 -0.01579 -1.73645
   0.01156 -0.01711 -1.72227
   0.01367 -0.01841 -1.69610
   0.01601 -0.01971 -1.65912
   0.01858 -0.02099 -1.61658
   0.02141 -0.02227 -1.56622
   0.02455 -0.02355 -1.51441
   0.02803 -0.02484 -1.46083
   0.03190 -0.02613 -1.40288
   0.03622 -0.02744 -1.34640
   0.04105 -0.02875 -1.28810
   0.04648 -0.03007 -1.22873
   0.05257 -0.03140 -1.17088
   0.05940 -0.03272 -1.11196
   0.06700 -0.03401 -1.05490
   0.07540 -0.03526 -0.99860
   0.08458 -0.03644 -0.94484
   0.09446 -0.03754 -0.89333
   0.10497 -0.03853 -0.84482
   0.11601 -0.03940 -0.79878
   0.12747 -0.04016 -0.75613
   0.13927 -0.04079 -0.71660
   0.15135 -0.04132 -0.67958
   0.16365 -0.04173 -0.64499
   0.17612 -0.04204 -0.61281
   0.18874 -0.04226 -0.58228
   0.20149 -0.04239 -0.55446
   0.21434 -0.04244 -0.52761
   0.22729 -0.04242 -0.50245
   0.24031 -0.04233 -0.47894
   0.25341 -0.04218 -0.45671
   0.26657 -0.04198 -0.43566
   0.27979 -0.04173 -0.41564
   0.29306 -0.04144 -0.39646
   0.30638 -0.04110 -0.37919
   0.31974 -0.04074 -0.36187
   0.33314 -0.04034 -0.34625
   0.34657 -0.03991 -0.33123
   0.36003 -0.03946 -0.31741
   0.37351 -0.03899 -0.30444
   0.38700 -0.03851 -0.29290
   0.40048 -0.03801 -0.28446
   0.41391 -0.03749 -0.27591
   0.42733 -0.03694 -0.26548
   0.44075 -0.03636 -0.25523
   0.45418 -0.03575 -0.24462
   0.46762 -0.03512 -0.23395
   0.48107 -0.03446 -0.22363
   0.49454 -0.03378 -0.21293
   0.50802 -0.03308 -0.20289
   0.52152 -0.03235 -0.19268
   0.53503 -0.03161 -0.18265
   0.54855 -0.03086 -0.17302
   0.56209 -0.03008 -0.16332
   0.57564 -0.02930 -0.15388
   0.58919 -0.02850 -0.14462
   0.60276 -0.02769 -0.13515
   0.61633 -0.02687 -0.12618
   0.62992 -0.02604 -0.11706
   0.64351 -0.02520 -0.10870
   0.65710 -0.02435 -0.09969
   0.67071 -0.02350 -0.09095
   0.68431 -0.02264 -0.08252
   0.69793 -0.02177 -0.07402
   0.71154 -0.02090 -0.06544
   0.72516 -0.02002 -0.05705
   0.73878 -0.01914 -0.04851
   0.75241 -0.01825 -0.04028
   0.76603 -0.01736 -0.03143
   0.77966 -0.01646 -0.02307
   0.79328 -0.01557 -0.01397
   0.80691 -0.01466 -0.00515
   0.82053 -0.01375  0.00411
   0.83414 -0.01284  0.01349
   0.84775 -0.01193  0.02354
   0.86135 -0.01101  0.03333
   0.87494 -0.01008  0.04486
   0.88849 -0.00916  0.05657
   0.90199 -0.00823  0.06900
   0.91540 -0.00730  0.08267
   0.92865 -0.00638  0.09822
   0.94163 -0.00546  0.11555
   0.95415 -0.00458  0.13535
   0.96598 -0.00373  0.15883
   0.97685 -0.00295  0.18683
   0.98656 -0.00224  0.22413
   0.99502 -0.00163  0.27605
   1.00000 -0.00126  0.41754
