NACA 2412                                       
 Alfa =   6.00000 Re =        0.000 Xflap,Yflap =     0.000000    0.000000
#    x        y        Cp  
   1.00000  0.00126  0.42902
   0.99512  0.00227  0.26270
   0.98686  0.00396  0.19273
   0.97744  0.00586  0.13864
   0.96694  0.00795  0.09379
   0.95557  0.01018  0.05574
   0.94355  0.01250  0.02026
   0.93112  0.01486 -0.01149
   0.91842  0.01723 -0.04064
   0.90556  0.01958 -0.06720
   0.89261  0.02191 -0.09301
   0.87960  0.02421 -0.11662
   0.86656  0.02647 -0.13936
   0.85350  0.02869 -0.16105
   0.84042  0.03087 -0.18211
   0.82732  0.03301 -0.20202
   0.81422  0.03511 -0.22165
   0.80110  0.03717 -0.24069
   0.78798  0.03919 -0.25971
   0.77486  0.04117 -0.27788
   0.76173  0.04310 -0.29592
   0.74859  0.04500 -0.31353
   0.73545  0.04685 -0.33113
   0.72231  0.04866 -0.34890
   0.70916  0.05043 -0.36609
   0.69602  0.05216 -0.38349
   0.68287  0.05384 -0.40075
   0.66972  0.05548 -0.41793
   0.65657  0.05707 -0.43513
   0.64342  0.05862 -0.45244
   0.63027  0.06013 -0.47031
   0.61713  0.06158 -0.48690
   0.60399  0.06299 -0.50508
   0.59085  0.06435 -0.52261
   0.57772  0.06567 -0.54079
   0.56459  0.06693 -0.55853
   0.55147  0.06814 -0.57727
   0.53836  0.06930 -0.59557
   0.52525  0.07041 -0.61464
   0.51216  0.07146 -0.63385
   0.49907  0.07245 -0.65351
   0.48600  0.07339 -0.67344
   0.47294  0.07427 -0.69379
   0.45990  0.07509 -0.71497
   0.44687  0.07584 -0.73671
   0.43387  0.07654 -0.75898
   0.42090  0.07716 -0.78233
   0.40798  0.07772 -0.80750
   0.39512  0.07820 -0.83649
   0.38234  0.07860 -0.86308
   0.36961  0.07890 -0.88776
   0.35692  0.07910 -0.91221
   0.34427  0.07921 -0.93606
   0.33165  0.07921 -0.96012
   0.31907  0.07912 -0.98377
   0.30652  0.07891 -1.00731
   0.29402  0.07861 -1.03191
   0.28155  0.07819 -1.05475
   0.26913  0.07765 -1.08004
   0.25677  0.07701 -1.10396
   0.24446  0.07624 -1.12889
   0.23221  0.07535 -1.15383
   0.22003  0.07434 -1.17973
   0.20793  0.07320 -1.20590
   0.19591  0.07193 -1.23220
   0.18399  0.07052 -1.26002
   0.17219  0.06898 -1.28842
   0.16052  0.06730 -1.31782
   0.14900  0.06547 -1.34848
   0.13767  0.06351 -1.38070
   0.12655  0.06141 -1.41440
   0.11571  0.05917 -1.45048
   0.10519  0.05682 -1.48813
   0.09507  0.05435 -1.52858
   0.08544  0.05181 -1.57151
   0.07637  0.04921 -1.61668
   0.06793  0.04659 -1.66493
   0.06019  0.04399 -1.71466
   0.05316  0.04145 -1.76749
   0.04684  0.03898 -1.82038
   0.04118  0.03660 -1.87573
   0.03615  0.03432 -1.93045
   0.03166  0.03214 -1.98706
   0.02767  0.03005 -2.04343
   0.02411  0.02806 -2.09905
   0.02093  0.02613 -2.15264
   0.01807  0.02428 -2.20601
   0.01551  0.02249 -2.25601
   0.01321  0.02074 -2.30424
   0.01115  0.01904 -2.34297
   0.00929  0.01737 -2.37722
   0.00763  0.01572 -2.39712
   0.00614  0.01410 -2.40732
   0.00483  0.01249 -2.39074
   0.00369  0.01090 -2.35188
   0.00270  0.00932 -2.28515
   0.00187  0.00774 -2.16926
   0.00119  0.00618 -2.01360
   0.00067  0.00462 -1.81329
   0.00030  0.00309 -1.56721
   0.00008  0.00159 -1.28553
   0.00000  0.00012 -0.98878
   0.00006 -0.00133 -0.68502
   0.00026 -0.00282 -0.37140
   0.00062 -0.00432 -0.06434
   0.00115 -0.00583  0.21756
   0.00184 -0.00733  0.46307
   0.00271 -0.00880  0.65599
   0.00376 -0.01026  0.80118
   0.00497 -0.01168  0.90052
   0.00635 -0.01308  0.96140
   0.00791 -0.01445  0.99231
   0.00964 -0.01579  0.99991
   0.01156 -0.01711  0.99065
   0.01367 -0.01841  0.96912
   0.01601 -0.01971  0.93923
   0.01858 -0.02099  0.90321
   0.02141 -0.02227  0.86394
   0.02455 -0.02355  0.82185
   0.02803 -0.02484  0.77813
   0.03190 -0.02613  0.73458
   0.03622 -0.02744  0.69009
   0.04105 -0.02875  0.64637
   0.04648 -0.03007  0.60373
   0.05257 -0.03140  0.56157
   0.05940 -0.03272  0.52171
   0.06700 -0.03401  0.48339
   0.07540 -0.03526  0.44778
   0.08458 -0.03644  0.41480
   0.09446 -0.03754  0.38490
   0.10497 -0.03853  0.35805
   0.11601 -0.03940  0.33459
   0.12747 -0.04016  0.31376
   0.13927 -0.04079  0.29544
   0.15135 -0.04132  0.27961
   0.16365 -0.04173  0.26587
   0.17612 -0.04204  0.25382
   0.18874 -0.04226  0.24360
   0.20149 -0.04239  0.23417
   0.21434 -0.04244  0.22637
   0.22729 -0.04242  0.21946
   0.24031 -0.04233  0.21328
   0.25341 -0.04218  0.20784
   0.26657 -0.04198  0.20303
   0.27979 -0.04173  0.19874
   0.29306 -0.04144  0.19522
   0.30638 -0.04110  0.19118
   0.31974 -0.04074  0.18836
   0.33314 -0.04034  0.18530
   0.34657 -0.03991  0.18217
   0.36003 -0.03946  0.17943
   0.37351 -0.03899  0.17651
   0.38700 -0.03851  0.17325
   0.40048 -0.03801  0.16843
   0.41391 -0.03749  0.16422
   0.42733 -0.03694  0.16177
   0.44075 -0.03636  0.15914
   0.45418 -0.03575  0.15753
   0.46762 -0.03512  0.15609
   0.48107 -0.03446  0.15491
   0.49454 -0.03378  0.15407
   0.50802 -0.03308  0.15317
   0.52152 -0.03235  0.15267
   0.53503 -0.03161  0.15219
   0.54855 -0.03086  0.15192
   0.56209 -0.03008  0.15156
   0.57564 -0.02930  0.15138
   0.58919 -0.02850  0.15155
   0.60276 -0.02769  0.15154
   0.61633 -0.02687  0.15147
   0.62992 -0.02604  0.15189
   0.64351 -0.02520  0.15171
   0.65710 -0.02435  0.15242
   0.67071 -0.02350  0.15243
   0.68431 -0.02264  0.15334
   0.69793 -0.02177  0.15327
   0.71154 -0.02090  0.15427
   0.72516 -0.02002  0.15468
   0.73878 -0.01914  0.15538
   0.75241 -0.01825  0.15607
   0.76603 -0.01736  0.15709
   0.77966 -0.01646  0.15798
   0.79328 -0.01557  0.15945
   0.80691 -0.01466  0.16081
   0.82053 -0.01375  0.16238
   0.83414 -0.01284  0.16386
   0.84775 -0.01193  0.16631
   0.86135 -0.01101  0.16854
   0.87494 -0.01008  0.17189
   0.88849 -0.00916  0.17504
   0.90199 -0.00823  0.17972
   0.91540 -0.00730  0.18460
   0.92865 -0.00638  0.19121
   0.94163 -0.00546  0.19908
   0.95415 -0.00458  0.20991
   0.96598 -0.00373  0.22257
   0.97685 -0.00295  0.24112
   0.98656 -0.00224  0.26642
   0.99502 -0.00163  0.30710
   1.00000 -0.00126  0.42902
