NACA 2412                                       
 Alfa =   8.00000 Re =        0.000 Xflap,Yflap =     0.000000    0.000000
#    x        y        Cp  
   1.00000  0.00126  0.43548
   0.99512  0.00227  0.26721
   0.98686  0.00396  0.19561
   0.97744  0.00586  0.13987
   0.96694  0.00795  0.09303
   0.95557  0.01018  0.05328
   0.94355  0.01250  0.01578
   0.93112  0.01486 -0.01782
   0.91842  0.01723 -0.04895
   0.90556  0.01958 -0.07729
   0.89261  0.02191 -0.10510
   0.87960  0.02421 -0.13053
   0.86656  0.02647 -0.15514
   0.85350  0.02869 -0.17882
   0.84042  0.03087 -0.20179
   0.82732  0.03301 -0.22350
   0.81422  0.03511 -0.24513
   0.80110  0.03717 -0.26615
   0.78798  0.03919 -0.28713
   0.77486  0.04117 -0.30726
   0.76173  0.04310 -0.32736
   0.74859  0.04500 -0.34702
   0.73545  0.04685 -0.36665
   0.72231  0.04866 -0.38665
   0.70916  0.05043 -0.40590
   0.69602  0.05216 -0.42559
   0.68287  0.05384 -0.44511
   0.66972  0.05548 -0.46457
   0.65657  0.05707 -0.48415
   0.64342  0.05862 -0.50381
   0.63027  0.06013 -0.52429
   0.61713  0.06158 -0.54326
   0.60399  0.06299 -0.56424
   0.59085  0.06435 -0.58429
   0.57772  0.06567 -0.60537
   0.56459  0.06693 -0.62590
   0.55147  0.06814 -0.64764
   0.53836  0.06930 -0.66896
   0.52525  0.07041 -0.69115
   0.51216  0.07146 -0.71371
   0.49907  0.07245 -0.73669
   0.48600  0.07339 -0.76017
   0.47294  0.07427 -0.78413
   0.45990  0.07509 -0.80923
   0.44687  0.07584 -0.83491
   0.43387  0.07654 -0.86133
   0.42090  0.07716 -0.88909
   0.40798  0.07772 -0.91896
   0.39512  0.07820 -0.95301
   0.38234  0.07860 -0.98473
   0.36961  0.07890 -1.01460
   0.35692  0.07910 -1.04451
   0.34427  0.07921 -1.07395
   0.33165  0.07921 -1.10388
   0.31907  0.07912 -1.13366
   0.30652  0.07891 -1.16359
   0.29402  0.07861 -1.19494
   0.28155  0.07819 -1.22481
   0.26913  0.07765 -1.25765
   0.25677  0.07701 -1.28943
   0.24446  0.07624 -1.32271
   0.23221  0.07535 -1.35653
   0.22003  0.07434 -1.39195
   0.20793  0.07320 -1.42823
   0.19591  0.07193 -1.46535
   0.18399  0.07052 -1.50488
   0.17219  0.06898 -1.54591
   0.16052  0.06730 -1.58899
   0.14900  0.06547 -1.63459
   0.13767  0.06351 -1.68310
   0.12655  0.06141 -1.73472
   0.11571  0.05917 -1.79054
   0.10519  0.05682 -1.84994
   0.09507  0.05435 -1.91444
   0.08544  0.05181 -1.98388
   0.07637  0.04921 -2.05818
   0.06793  0.04659 -2.13830
   0.06019  0.04399 -2.22255
   0.05316  0.04145 -2.31263
   0.04684  0.03898 -2.40534
   0.04118  0.03660 -2.50308
   0.03615  0.03432 -2.60263
   0.03166  0.03214 -2.70676
   0.02767  0.03005 -2.81334
   0.02411  0.02806 -2.92191
   0.02093  0.02613 -3.03123
   0.01807  0.02428 -3.14364
   0.01551  0.02249 -3.25585
   0.01321  0.02074 -3.36995
   0.01115  0.01904 -3.47718
   0.00929  0.01737 -3.58341
   0.00763  0.01572 -3.67716
   0.00614  0.01410 -3.76335
   0.00483  0.01249 -3.82110
   0.00369  0.01090 -3.85399
   0.00270  0.00932 -3.85335
   0.00187  0.00774 -3.78933
   0.00119  0.00618 -3.66954
   0.00067  0.00462 -3.48214
   0.00030  0.00309 -3.22067
   0.00008  0.00159 -2.89369
   0.00000  0.00012 -2.52540
   0.00006 -0.00133 -2.12887
   0.00026 -0.00282 -1.69536
   0.00062 -0.00432 -1.24283
   0.00115 -0.00583 -0.79919
   0.00184 -0.00733 -0.38342
   0.00271 -0.00880 -0.02729
   0.00376 -0.01026  0.27002
   0.00497 -0.01168  0.50390
   0.00635 -0.01308  0.68014
   0.00791 -0.01445  0.80884
   0.00964 -0.01579  0.89695
   0.01156 -0.01711  0.95341
   0.01367 -0.01841  0.98570
   0.01601 -0.01971  0.99894
   0.01858 -0.02099  0.99775
   0.02141 -0.02227  0.98568
   0.02455 -0.02355  0.96516
   0.02803 -0.02484  0.93815
   0.03190 -0.02613  0.90679
   0.03622 -0.02744  0.87135
   0.04105 -0.02875  0.83354
   0.04648 -0.03007  0.79419
   0.05257 -0.03140  0.75332
   0.05940 -0.03272  0.71273
   0.06700 -0.03401  0.67227
   0.07540 -0.03526  0.63323
   0.08458 -0.03644  0.59595
   0.09446 -0.03754  0.56111
   0.10497 -0.03853  0.52894
   0.11601 -0.03940  0.49997
   0.12747 -0.04016  0.47363
   0.13927 -0.04079  0.44990
   0.15135 -0.04132  0.42882
   0.16365 -0.04173  0.41001
   0.17612 -0.04204  0.39312
   0.18874 -0.04226  0.37825
   0.20149 -0.04239  0.36445
   0.21434 -0.04244  0.35244
   0.22729 -0.04242  0.34153
   0.24031 -0.04233  0.33158
   0.25341 -0.04218  0.32254
   0.26657 -0.04198  0.31430
   0.27979 -0.04173  0.30673
   0.29306 -0.04144  0.30009
   0.30638 -0.04110  0.29311
   0.31974 -0.04074  0.28744
   0.33314 -0.04034  0.28172
   0.34657 -0.03991  0.27598
   0.36003 -0.03946  0.27083
   0.37351 -0.03899  0.26559
   0.38700 -0.03851  0.26015
   0.40048 -0.03801  0.25340
   0.41391 -0.03749  0.24730
   0.42733 -0.03694  0.24291
   0.44075 -0.03636  0.23831
   0.45418 -0.03575  0.23480
   0.46762 -0.03512  0.23148
   0.48107 -0.03446  0.22848
   0.49454 -0.03378  0.22580
   0.50802 -0.03308  0.22317
   0.52152 -0.03235  0.22094
   0.53503 -0.03161  0.21875
   0.54855 -0.03086  0.21686
   0.56209 -0.03008  0.21484
   0.57564 -0.02930  0.21308
   0.58919 -0.02850  0.21174
   0.60276 -0.02769  0.21014
   0.61633 -0.02687  0.20855
   0.62992 -0.02604  0.20750
   0.64351 -0.02520  0.20587
   0.65710 -0.02435  0.20515
   0.67071 -0.02350  0.20367
   0.68431 -0.02264  0.20328
   0.69793 -0.02177  0.20173
   0.71154 -0.02090  0.20140
   0.72516 -0.02002  0.20042
   0.73878 -0.01914  0.19974
   0.75241 -0.01825  0.19909
   0.76603 -0.01736  0.19872
   0.77966 -0.01646  0.19827
   0.79328 -0.01557  0.19837
   0.80691 -0.01466  0.19838
   0.82053 -0.01375  0.19854
   0.83414 -0.01284  0.19858
   0.84775 -0.01193  0.19964
   0.86135 -0.01101  0.20047
   0.87494 -0.01008  0.20229
   0.88849 -0.00916  0.20384
   0.90199 -0.00823  0.20705
   0.91540 -0.00730  0.21025
   0.92865 -0.00638  0.21513
   0.94163 -0.00546  0.22116
   0.95415 -0.00458  0.23022
   0.96598 -0.00373  0.24072
   0.97685 -0.00295  0.25732
   0.98656 -0.00224  0.28010
   0.99502 -0.00163  0.31830
   1.00000 -0.00126  0.43548
