NACA 2412                                       
 Alfa =  -1.00000 Re =        0.000 Xflap,Yflap =     0.000000    0.000000
#    x        y        Cp  
   1.00000  0.00126  0.41728
   0.99512  0.00227  0.26108
   0.98686  0.00396  0.19814
   0.97744  0.00586  0.15083
   0.96694  0.00795  0.11366
   0.95557  0.01018  0.08226
   0.94355  0.01250  0.05437
   0.93112  0.01486  0.02954
   0.91842  0.01723  0.00767
   0.90556  0.01958 -0.01232
   0.89261  0.02191 -0.03086
   0.87960  0.02421 -0.04791
   0.86656  0.02647 -0.06389
   0.85350  0.02869 -0.07851
   0.84042  0.03087 -0.09276
   0.82732  0.03301 -0.10629
   0.81422  0.03511 -0.11890
   0.80110  0.03717 -0.13100
   0.78798  0.03919 -0.14317
   0.77486  0.04117 -0.15451
   0.76173  0.04310 -0.16543
   0.74859  0.04500 -0.17595
   0.73545  0.04685 -0.18657
   0.72231  0.04866 -0.19670
   0.70916  0.05043 -0.20682
   0.69602  0.05216 -0.21645
   0.68287  0.05384 -0.22603
   0.66972  0.05548 -0.23549
   0.65657  0.05707 -0.24469
   0.64342  0.05862 -0.25407
   0.63027  0.06013 -0.26319
   0.61713  0.06158 -0.27180
   0.60399  0.06299 -0.28072
   0.59085  0.06435 -0.28986
   0.57772  0.06567 -0.29843
   0.56459  0.06693 -0.30699
   0.55147  0.06814 -0.31584
   0.53836  0.06930 -0.32424
   0.52525  0.07041 -0.33310
   0.51216  0.07146 -0.34138
   0.49907  0.07245 -0.35027
   0.48600  0.07339 -0.35872
   0.47294  0.07427 -0.36741
   0.45990  0.07509 -0.37597
   0.44687  0.07584 -0.38509
   0.43387  0.07654 -0.39409
   0.42090  0.07716 -0.40339
   0.40798  0.07772 -0.41363
   0.39512  0.07820 -0.42654
   0.38234  0.07860 -0.43695
   0.36961  0.07890 -0.44537
   0.35692  0.07910 -0.45280
   0.34427  0.07921 -0.45935
   0.33165  0.07921 -0.46534
   0.31907  0.07912 -0.47022
   0.30652  0.07891 -0.47437
   0.29402  0.07861 -0.47853
   0.28155  0.07819 -0.48031
   0.26913  0.07765 -0.48303
   0.25677  0.07701 -0.48368
   0.24446  0.07624 -0.48402
   0.23221  0.07535 -0.48302
   0.22003  0.07434 -0.48133
   0.20793  0.07320 -0.47842
   0.19591  0.07193 -0.47391
   0.18399  0.07052 -0.46861
   0.17219  0.06898 -0.46164
   0.16052  0.06730 -0.45313
   0.14900  0.06547 -0.44285
   0.13767  0.06351 -0.43089
   0.12655  0.06141 -0.41661
   0.11571  0.05917 -0.40052
   0.10519  0.05682 -0.38149
   0.09507  0.05435 -0.36021
   0.08544  0.05181 -0.33616
   0.07637  0.04921 -0.30907
   0.06793  0.04659 -0.27963
   0.06019  0.04399 -0.24697
   0.05316  0.04145 -0.21262
   0.04684  0.03898 -0.17458
   0.04118  0.03660 -0.13522
   0.03615  0.03432 -0.09249
   0.03166  0.03214 -0.04834
   0.02767  0.03005 -0.00135
   0.02411  0.02806  0.04857
   0.02093  0.02613  0.10201
   0.01807  0.02428  0.15796
   0.01551  0.02249  0.21789
   0.01321  0.02074  0.28068
   0.01115  0.01904  0.34922
   0.00929  0.01737  0.42019
   0.00763  0.01572  0.49644
   0.00614  0.01410  0.57394
   0.00483  0.01249  0.65599
   0.00369  0.01090  0.73685
   0.00270  0.00932  0.81391
   0.00187  0.00774  0.88596
   0.00119  0.00618  0.94457
   0.00067  0.00462  0.98429
   0.00030  0.00309  0.99994
   0.00008  0.00159  0.98699
   0.00000  0.00012  0.94463
   0.00006 -0.00133  0.87161
   0.00026 -0.00282  0.76593
   0.00062 -0.00432  0.63362
   0.00115 -0.00583  0.48304
   0.00184 -0.00733  0.32313
   0.00271 -0.00880  0.17136
   0.00376 -0.01026  0.03009
   0.00497 -0.01168 -0.09363
   0.00635 -0.01308 -0.19744
   0.00791 -0.01445 -0.28539
   0.00964 -0.01579 -0.35453
   0.01156 -0.01711 -0.40918
   0.01367 -0.01841 -0.45284
   0.01601 -0.01971 -0.48532
   0.01858 -0.02099 -0.51048
   0.02141 -0.02227 -0.52631
   0.02455 -0.02355 -0.53778
   0.02803 -0.02484 -0.54482
   0.03190 -0.02613 -0.54549
   0.03622 -0.02744 -0.54461
   0.04105 -0.02875 -0.53966
   0.04648 -0.03007 -0.53132
   0.05257 -0.03140 -0.52180
   0.05940 -0.03272 -0.50887
   0.06700 -0.03401 -0.49494
   0.07540 -0.03526 -0.47900
   0.08458 -0.03644 -0.46240
   0.09446 -0.03754 -0.44496
   0.10497 -0.03853 -0.42735
   0.11601 -0.03940 -0.40925
   0.12747 -0.04016 -0.39172
   0.13927 -0.04079 -0.37475
   0.15135 -0.04132 -0.35805
   0.16365 -0.04173 -0.34182
   0.17612 -0.04204 -0.32626
   0.18874 -0.04226 -0.31087
   0.20149 -0.04239 -0.29678
   0.21434 -0.04244 -0.28259
   0.22729 -0.04242 -0.26905
   0.24031 -0.04233 -0.25623
   0.25341 -0.04218 -0.24390
   0.26657 -0.04198 -0.23204
   0.27979 -0.04173 -0.22061
   0.29306 -0.04144 -0.20940
   0.30638 -0.04110 -0.19960
   0.31974 -0.04074 -0.18928
   0.33314 -0.04034 -0.18014
   0.34657 -0.03991 -0.17140
   0.36003 -0.03946 -0.16328
   0.37351 -0.03899 -0.15576
   0.38700 -0.03851 -0.14929
   0.40048 -0.03801 -0.14541
   0.41391 -0.03749 -0.14122
   0.42733 -0.03694 -0.13516
   0.44075 -0.03636 -0.12926
   0.45418 -0.03575 -0.12275
   0.46762 -0.03512 -0.11614
   0.48107 -0.03446 -0.10965
   0.49454 -0.03378 -0.10279
   0.50802 -0.03308 -0.09637
   0.52152 -0.03235 -0.08970
   0.53503 -0.03161 -0.08313
   0.54855 -0.03086 -0.07675
   0.56209 -0.03008 -0.07035
   0.57564 -0.02930 -0.06404
   0.58919 -0.02850 -0.05775
   0.60276 -0.02769 -0.05136
   0.61633 -0.02687 -0.04532
   0.62992 -0.02604 -0.03901
   0.64351 -0.02520 -0.03341
   0.65710 -0.02435 -0.02706
   0.67071 -0.02350 -0.02113
   0.68431 -0.02264 -0.01510
   0.69793 -0.02177 -0.00934
   0.71154 -0.02090 -0.00317
   0.72516 -0.02002  0.00268
   0.73878 -0.01914  0.00873
   0.75241 -0.01825  0.01457
   0.76603 -0.01736  0.02096
   0.77966 -0.01646  0.02696
   0.79328 -0.01557  0.03367
   0.80691 -0.01466  0.04015
   0.82053 -0.01375  0.04701
   0.83414 -0.01284  0.05393
   0.84775 -0.01193  0.06162
   0.86135 -0.01101  0.06908
   0.87494 -0.01008  0.07809
   0.88849 -0.00916  0.08717
   0.90199 -0.00823  0.09724
   0.91540 -0.00730  0.10823
   0.92865 -0.00638  0.12108
   0.94163 -0.00546  0.13556
   0.95415 -0.00458  0.15269
   0.96598 -0.00373  0.17296
   0.97685 -0.00295  0.19822
   0.98656 -0.00224  0.23205
   0.99502 -0.00163  0.28086
   1.00000 -0.00126  0.41728
