NACA 2412                                       
 Alfa =   9.00000 Re =        0.000 Xflap,Yflap =     0.000000    0.000000
#    x        y        Cp  
   1.00000  0.00126  0.43921
   0.99512  0.00227  0.27012
   0.98686  0.00396  0.19778
   0.97744  0.00586  0.14126
   0.96694  0.00795  0.09349
   0.95557  0.01018  0.05291
   0.94355  0.01250  0.01443
   0.93112  0.01486 -0.02006
   0.91842  0.01723 -0.05215
   0.90556  0.01958 -0.08136
   0.89261  0.02191 -0.11016
   0.87960  0.02421 -0.13648
   0.86656  0.02647 -0.16201
   0.85350  0.02869 -0.18668
   0.84042  0.03087 -0.21060
   0.82732  0.03301 -0.23319
   0.81422  0.03511 -0.25581
   0.80110  0.03717 -0.27781
   0.78798  0.03919 -0.29977
   0.77486  0.04117 -0.32088
   0.76173  0.04310 -0.34200
   0.74859  0.04500 -0.36269
   0.73545  0.04685 -0.38333
   0.72231  0.04866 -0.40445
   0.70916  0.05043 -0.42473
   0.69602  0.05216 -0.44557
   0.68287  0.05384 -0.46622
   0.66972  0.05548 -0.48683
   0.65657  0.05707 -0.50760
   0.64342  0.05862 -0.52844
   0.63027  0.06013 -0.55024
   0.61713  0.06158 -0.57042
   0.60399  0.06299 -0.59280
   0.59085  0.06435 -0.61413
   0.57772  0.06567 -0.63668
   0.56459  0.06693 -0.65862
   0.55147  0.06814 -0.68188
   0.53836  0.06930 -0.70474
   0.52525  0.07041 -0.72851
   0.51216  0.07146 -0.75278
   0.49907  0.07245 -0.77745
   0.48600  0.07339 -0.80274
   0.47294  0.07427 -0.82854
   0.45990  0.07509 -0.85565
   0.44687  0.07584 -0.88334
   0.43387  0.07654 -0.91188
   0.42090  0.07716 -0.94189
   0.40798  0.07772 -0.97417
   0.39512  0.07820 -1.01081
   0.38234  0.07860 -1.04516
   0.36961  0.07890 -1.07770
   0.35692  0.07910 -1.11043
   0.34427  0.07921 -1.14276
   0.33165  0.07921 -1.17572
   0.31907  0.07912 -1.20869
   0.30652  0.07891 -1.24192
   0.29402  0.07861 -1.27679
   0.28155  0.07819 -1.31032
   0.26913  0.07765 -1.34710
   0.25677  0.07701 -1.38298
   0.24446  0.07624 -1.42064
   0.23221  0.07535 -1.45912
   0.22003  0.07434 -1.49954
   0.20793  0.07320 -1.54115
   0.19591  0.07193 -1.58397
   0.18399  0.07052 -1.62971
   0.17219  0.06898 -1.67743
   0.16052  0.06730 -1.72779
   0.14900  0.06547 -1.78136
   0.13767  0.06351 -1.83858
   0.12655  0.06141 -1.89982
   0.11571  0.05917 -1.96625
   0.10519  0.05682 -2.03739
   0.09507  0.05435 -2.11491
   0.08544  0.05181 -2.19877
   0.07637  0.04921 -2.28896
   0.06793  0.04659 -2.38654
   0.06019  0.04399 -2.48980
   0.05316  0.04145 -2.60045
   0.04684  0.03898 -2.71528
   0.04118  0.03660 -2.83665
   0.03615  0.03432 -2.96133
   0.03166  0.03214 -3.09221
   0.02767  0.03005 -3.22721
   0.02411  0.02806 -3.36591
   0.02093  0.02613 -3.50715
   0.01807  0.02428 -3.65357
   0.01551  0.02249 -3.80185
   0.01321  0.02074 -3.95440
   0.01115  0.01904 -4.10203
   0.00929  0.01737 -4.25106
   0.00763  0.01572 -4.38928
   0.00614  0.01410 -4.52179
   0.00483  0.01249 -4.62580
   0.00369  0.01090 -4.70436
   0.00270  0.00932 -4.74716
   0.00187  0.00774 -4.71972
   0.00119  0.00618 -4.62841
   0.00067  0.00462 -4.45728
   0.00030  0.00309 -4.19662
   0.00008  0.00159 -3.85365
   0.00000  0.00012 -3.45406
   0.00006 -0.00133 -3.01392
   0.00026 -0.00282 -2.52083
   0.00062 -0.00432 -1.99266
   0.00115 -0.00583 -1.46224
   0.00184 -0.00733 -0.95272
   0.00271 -0.00880 -0.50464
   0.00376 -0.01026 -0.11994
   0.00497 -0.01168  0.19266
   0.00635 -0.01308  0.43768
   0.00791 -0.01445  0.62568
   0.00964 -0.01579  0.76363
   0.01156 -0.01711  0.86159
   0.01367 -0.01841  0.92859
   0.01601 -0.01971  0.97037
   0.01858 -0.02099  0.99286
   0.02141 -0.02227  0.99998
   0.02455 -0.02355  0.99526
   0.02803 -0.02484  0.98112
   0.03190 -0.02613  0.95992
   0.03622 -0.02744  0.93266
   0.04105 -0.02875  0.90112
   0.04648 -0.03007  0.86639
   0.05257 -0.03140  0.82886
   0.05940 -0.03272  0.79032
   0.06700 -0.03401  0.75094
   0.07540 -0.03526  0.71208
   0.08458 -0.03644  0.67432
   0.09446 -0.03754  0.63846
   0.10497 -0.03853  0.60490
   0.11601 -0.03940  0.57424
   0.12747 -0.04016  0.54608
   0.13927 -0.04079  0.52045
   0.15135 -0.04132  0.49744
   0.16365 -0.04173  0.47669
   0.17612 -0.04204  0.45791
   0.18874 -0.04226  0.44118
   0.20149 -0.04239  0.42560
   0.21434 -0.04244  0.41184
   0.22729 -0.04242  0.39926
   0.24031 -0.04233  0.38770
   0.25341 -0.04218  0.37713
   0.26657 -0.04198  0.36741
   0.27979 -0.04173  0.35841
   0.29306 -0.04144  0.35040
   0.30638 -0.04110  0.34212
   0.31974 -0.04074  0.33520
   0.33314 -0.04034  0.32829
   0.34657 -0.03991  0.32139
   0.36003 -0.03946  0.31516
   0.37351 -0.03899  0.30887
   0.38700 -0.03851  0.30245
   0.40048 -0.03801  0.29484
   0.41391 -0.03749  0.28788
   0.42733 -0.03694  0.28261
   0.44075 -0.03636  0.27712
   0.45418 -0.03575  0.27273
   0.46762 -0.03512  0.26854
   0.48107 -0.03446  0.26471
   0.49454 -0.03378  0.26118
   0.50802 -0.03308  0.25773
   0.52152 -0.03235  0.25470
   0.53503 -0.03161  0.25171
   0.54855 -0.03086  0.24907
   0.56209 -0.03008  0.24628
   0.57564 -0.02930  0.24377
   0.58919 -0.02850  0.24171
   0.60276 -0.02769  0.23936
   0.61633 -0.02687  0.23706
   0.62992 -0.02604  0.23531
   0.64351 -0.02520  0.23300
   0.65710 -0.02435  0.23160
   0.67071 -0.02350  0.22941
   0.68431 -0.02264  0.22840
   0.69793 -0.02177  0.22615
   0.71154 -0.02090  0.22519
   0.72516 -0.02002  0.22353
   0.73878 -0.01914  0.22219
   0.75241 -0.01825  0.22091
   0.76603 -0.01736  0.21986
   0.77966 -0.01646  0.21878
   0.79328 -0.01557  0.21821
   0.80691 -0.01466  0.21757
   0.82053 -0.01375  0.21706
   0.83414 -0.01284  0.21640
   0.84775 -0.01193  0.21677
   0.86135 -0.01101  0.21693
   0.87494 -0.01008  0.21800
   0.88849 -0.00916  0.21877
   0.90199 -0.00823  0.22126
   0.91540 -0.00730  0.22364
   0.92865 -0.00638  0.22767
   0.94163 -0.00546  0.23280
   0.95415 -0.00458  0.24097
   0.96598 -0.00373  0.25040
   0.97685 -0.00295  0.26602
   0.98656 -0.00224  0.28756
   0.99502 -0.00163  0.32449
   1.00000 -0.00126  0.43921
