NACA 2412                                       
 Alfa =  10.00000 Re =        0.000 Xflap,Yflap =     0.000000    0.000000
#    x        y        Cp  
   1.00000  0.00126  0.44327
   0.99512  0.00227  0.27347
   0.98686  0.00396  0.20044
   0.97744  0.00586  0.14318
   0.96694  0.00795  0.09449
   0.95557  0.01018  0.05311
   0.94355  0.01250  0.01368
   0.93112  0.01486 -0.02168
   0.91842  0.01723 -0.05472
   0.90556  0.01958 -0.08479
   0.89261  0.02191 -0.11455
   0.87960  0.02421 -0.14175
   0.86656  0.02647 -0.16820
   0.85350  0.02869 -0.19384
   0.84042  0.03087 -0.21869
   0.82732  0.03301 -0.24217
   0.81422  0.03511 -0.26577
   0.80110  0.03717 -0.28875
   0.78798  0.03919 -0.31167
   0.77486  0.04117 -0.33376
   0.76173  0.04310 -0.35590
   0.74859  0.04500 -0.37761
   0.73545  0.04685 -0.39926
   0.72231  0.04866 -0.42150
   0.70916  0.05043 -0.44281
   0.69602  0.05216 -0.46480
   0.68287  0.05384 -0.48659
   0.66972  0.05548 -0.50834
   0.65657  0.05707 -0.53031
   0.64342  0.05862 -0.55234
   0.63027  0.06013 -0.57546
   0.61713  0.06158 -0.59685
   0.60399  0.06299 -0.62065
   0.59085  0.06435 -0.64325
   0.57772  0.06567 -0.66728
   0.56459  0.06693 -0.69064
   0.55147  0.06814 -0.71544
   0.53836  0.06930 -0.73984
   0.52525  0.07041 -0.76522
   0.51216  0.07146 -0.79121
   0.49907  0.07245 -0.81758
   0.48600  0.07339 -0.84470
   0.47294  0.07427 -0.87236
   0.45990  0.07509 -0.90150
   0.44687  0.07584 -0.93123
   0.43387  0.07654 -0.96192
   0.42090  0.07716 -0.99423
   0.40798  0.07772 -1.02895
   0.39512  0.07820 -1.06820
   0.38234  0.07860 -1.10523
   0.36961  0.07890 -1.14050
   0.35692  0.07910 -1.17609
   0.34427  0.07921 -1.21136
   0.33165  0.07921 -1.24743
   0.31907  0.07912 -1.28364
   0.30652  0.07891 -1.32026
   0.29402  0.07861 -1.35872
   0.28155  0.07819 -1.39600
   0.26913  0.07765 -1.43682
   0.25677  0.07701 -1.47693
   0.24446  0.07624 -1.51908
   0.23221  0.07535 -1.56236
   0.22003  0.07434 -1.60794
   0.20793  0.07320 -1.65504
   0.19591  0.07193 -1.70377
   0.18399  0.07052 -1.75592
   0.17219  0.06898 -1.81060
   0.16052  0.06730 -1.86852
   0.14900  0.06547 -1.93036
   0.13767  0.06351 -1.99666
   0.12655  0.06141 -2.06793
   0.11571  0.05917 -2.14546
   0.10519  0.05682 -2.22891
   0.09507  0.05435 -2.32009
   0.08544  0.05181 -2.41911
   0.07637  0.04921 -2.52606
   0.06793  0.04659 -2.64210
   0.06019  0.04399 -2.76548
   0.05316  0.04145 -2.89798
   0.04684  0.03898 -3.03635
   0.04118  0.03660 -3.18294
   0.03615  0.03432 -3.33452
   0.03166  0.03214 -3.49411
   0.02767  0.03005 -3.65969
   0.02411  0.02806 -3.83093
   0.02093  0.02613 -4.00672
   0.01807  0.02428 -4.19008
   0.01551  0.02249 -4.37770
   0.01321  0.02074 -4.57233
   0.01115  0.01904 -4.76438
   0.00929  0.01737 -4.96068
   0.00763  0.01572 -5.14833
   0.00614  0.01410 -5.33262
   0.00483  0.01249 -5.48889
   0.00369  0.01090 -5.61959
   0.00270  0.00932 -5.71267
   0.00187  0.00774 -5.72885
   0.00119  0.00618 -5.67302
   0.00067  0.00462 -5.52469
   0.00030  0.00309 -5.27051
   0.00008  0.00159 -4.91601
   0.00000  0.00012 -4.48815
   0.00006 -0.00133 -4.00632
   0.00026 -0.00282 -3.45398
   0.00062 -0.00432 -2.84837
   0.00115 -0.00583 -2.22736
   0.00184 -0.00733 -1.61852
   0.00271 -0.00880 -1.07172
   0.00376 -0.01026 -0.59224
   0.00497 -0.01168 -0.19338
   0.00635 -0.01308  0.12771
   0.00791 -0.01445  0.38185
   0.00964 -0.01579  0.57594
   0.01156 -0.01711  0.72110
   0.01367 -0.01841  0.82796
   0.01601 -0.01971  0.90289
   0.01858 -0.02099  0.95318
   0.02141 -0.02227  0.98319
   0.02455 -0.02355  0.99760
   0.02803 -0.02484  0.99932
   0.03190 -0.02613  0.99097
   0.03622 -0.02744  0.97433
   0.04105 -0.02875  0.95124
   0.04648 -0.03007  0.92311
   0.05257 -0.03140  0.89071
   0.05940 -0.03272  0.85582
   0.06700 -0.03401  0.81895
   0.07540 -0.03526  0.78155
   0.08458 -0.03644  0.74443
   0.09446 -0.03754  0.70852
   0.10497 -0.03853  0.67440
   0.11601 -0.03940  0.64279
   0.12747 -0.04016  0.61343
   0.13927 -0.04079  0.58644
   0.15135 -0.04132  0.56195
   0.16365 -0.04173  0.53968
   0.17612 -0.04204  0.51935
   0.18874 -0.04226  0.50107
   0.20149 -0.04239  0.48399
   0.21434 -0.04244  0.46873
   0.22729 -0.04242  0.45469
   0.24031 -0.04233  0.44173
   0.25341 -0.04218  0.42979
   0.26657 -0.04198  0.41875
   0.27979 -0.04173  0.40847
   0.29306 -0.04144  0.39922
   0.30638 -0.04110  0.38977
   0.31974 -0.04074  0.38169
   0.33314 -0.04034  0.37370
   0.34657 -0.03991  0.36573
   0.36003 -0.03946  0.35851
   0.37351 -0.03899  0.35125
   0.38700 -0.03851  0.34393
   0.40048 -0.03801  0.33551
   0.41391 -0.03749  0.32777
   0.42733 -0.03694  0.32166
   0.44075 -0.03636  0.31533
   0.45418 -0.03575  0.31013
   0.46762 -0.03512  0.30512
   0.48107 -0.03446  0.30050
   0.49454 -0.03378  0.29616
   0.50802 -0.03308  0.29195
   0.52152 -0.03235  0.28815
   0.53503 -0.03161  0.28441
   0.54855 -0.03086  0.28105
   0.56209 -0.03008  0.27752
   0.57564 -0.02930  0.27430
   0.58919 -0.02850  0.27155
   0.60276 -0.02769  0.26849
   0.61633 -0.02687  0.26550
   0.62992 -0.02604  0.26309
   0.64351 -0.02520  0.26012
   0.65710 -0.02435  0.25806
   0.67071 -0.02350  0.25519
   0.68431 -0.02264  0.25358
   0.69793 -0.02177  0.25065
   0.71154 -0.02090  0.24907
   0.72516 -0.02002  0.24677
   0.73878 -0.01914  0.24479
   0.75241 -0.01825  0.24289
   0.76603 -0.01736  0.24119
   0.77966 -0.01646  0.23948
   0.79328 -0.01557  0.23827
   0.80691 -0.01466  0.23699
   0.82053 -0.01375  0.23582
   0.83414 -0.01284  0.23448
   0.84775 -0.01193  0.23420
   0.86135 -0.01101  0.23369
   0.87494 -0.01008  0.23403
   0.88849 -0.00916  0.23403
   0.90199 -0.00823  0.23581
   0.91540 -0.00730  0.23739
   0.92865 -0.00638  0.24058
   0.94163 -0.00546  0.24481
   0.95415 -0.00458  0.25211
   0.96598 -0.00373  0.26048
   0.97685 -0.00295  0.27512
   0.98656 -0.00224  0.29540
   0.99502 -0.00163  0.33106
   1.00000 -0.00126  0.44327
