NACA 2412                                       
 Alfa =   0.00000 Re =        0.000 Xflap,Yflap =     0.000000    0.000000
#    x        y        Cp  
   1.00000  0.00126  0.41790
   0.99512  0.00227  0.25996
   0.98686  0.00396  0.19590
   0.97744  0.00586  0.14753
   0.96694  0.00795  0.10920
   0.95557  0.01018  0.07680
   0.94355  0.01250  0.04778
   0.93112  0.01486  0.02194
   0.91842  0.01723 -0.00100
   0.90556  0.01958 -0.02195
   0.89261  0.02191 -0.04154
   0.87960  0.02421 -0.05954
   0.86656  0.02647 -0.07650
   0.85350  0.02869 -0.09213
   0.84042  0.03087 -0.10735
   0.82732  0.03301 -0.12179
   0.81422  0.03511 -0.13540
   0.80110  0.03717 -0.14848
   0.78798  0.03919 -0.16162
   0.77486  0.04117 -0.17392
   0.76173  0.04310 -0.18584
   0.74859  0.04500 -0.19736
   0.73545  0.04685 -0.20895
   0.72231  0.04866 -0.22015
   0.70916  0.05043 -0.23125
   0.69602  0.05216 -0.24196
   0.68287  0.05384 -0.25260
   0.66972  0.05548 -0.26313
   0.65657  0.05707 -0.27343
   0.64342  0.05862 -0.28390
   0.63027  0.06013 -0.29422
   0.61713  0.06158 -0.30393
   0.60399  0.06299 -0.31412
   0.59085  0.06435 -0.32440
   0.57772  0.06567 -0.33427
   0.56459  0.06693 -0.34408
   0.55147  0.06814 -0.35426
   0.53836  0.06930 -0.36401
   0.52525  0.07041 -0.37424
   0.51216  0.07146 -0.38399
   0.49907  0.07245 -0.39432
   0.48600  0.07339 -0.40431
   0.47294  0.07427 -0.41455
   0.45990  0.07509 -0.42479
   0.44687  0.07584 -0.43559
   0.43387  0.07654 -0.44634
   0.42090  0.07716 -0.45750
   0.40798  0.07772 -0.46971
   0.39512  0.07820 -0.48474
   0.38234  0.07860 -0.49726
   0.36961  0.07890 -0.50781
   0.35692  0.07910 -0.51744
   0.34427  0.07921 -0.52622
   0.33165  0.07921 -0.53453
   0.31907  0.07912 -0.54181
   0.30652  0.07891 -0.54842
   0.29402  0.07861 -0.55517
   0.28155  0.07819 -0.55959
   0.26913  0.07765 -0.56513
   0.25677  0.07701 -0.56867
   0.24446  0.07624 -0.57205
   0.23221  0.07535 -0.57423
   0.22003  0.07434 -0.57589
   0.20793  0.07320 -0.57649
   0.19591  0.07193 -0.57567
   0.18399  0.07052 -0.57430
   0.17219  0.06898 -0.57149
   0.16052  0.06730 -0.56739
   0.14900  0.06547 -0.56183
   0.13767  0.06351 -0.55488
   0.12655  0.06141 -0.54598
   0.11571  0.05917 -0.53566
   0.10519  0.05682 -0.52279
   0.09507  0.05435 -0.50810
   0.08544  0.05181 -0.49106
   0.07637  0.04921 -0.47136
   0.06793  0.04659 -0.44968
   0.06019  0.04399 -0.42500
   0.05316  0.04145 -0.39886
   0.04684  0.03898 -0.36906
   0.04118  0.03660 -0.33798
   0.03615  0.03432 -0.30335
   0.03166  0.03214 -0.26720
   0.02767  0.03005 -0.22792
   0.02411  0.02806 -0.18531
   0.02093  0.02613 -0.13861
   0.01807  0.02428 -0.08883
   0.01551  0.02249 -0.03417
   0.01321  0.02074  0.02433
   0.01115  0.01904  0.09034
   0.00929  0.01737  0.16044
   0.00763  0.01572  0.23858
   0.00614  0.01410  0.32070
   0.00483  0.01249  0.41207
   0.00369  0.01090  0.50696
   0.00270  0.00932  0.60365
   0.00187  0.00774  0.70343
   0.00119  0.00618  0.79701
   0.00067  0.00462  0.87909
   0.00030  0.00309  0.94420
   0.00008  0.00159  0.98592
   0.00000  0.00012  1.00000
   0.00006 -0.00133  0.98525
   0.00026 -0.00282  0.93886
   0.00062 -0.00432  0.86205
   0.00115 -0.00583  0.75988
   0.00184 -0.00733  0.63913
   0.00271 -0.00880  0.51450
   0.00376 -0.01026  0.39027
   0.00497 -0.01168  0.27445
   0.00635 -0.01308  0.17111
   0.00791 -0.01445  0.07865
   0.00964 -0.01579  0.00078
   0.01156 -0.01711 -0.06507
   0.01367 -0.01841 -0.12147
   0.01601 -0.01971 -0.16775
   0.01858 -0.02099 -0.20712
   0.02141 -0.02227 -0.23759
   0.02455 -0.02355 -0.26353
   0.02803 -0.02484 -0.28484
   0.03190 -0.02613 -0.29974
   0.03622 -0.02744 -0.31264
   0.04105 -0.02875 -0.32119
   0.04648 -0.03007 -0.32603
   0.05257 -0.03140 -0.32918
   0.05940 -0.03272 -0.32852
   0.06700 -0.03401 -0.32625
   0.07540 -0.03526 -0.32138
   0.08458 -0.03644 -0.31509
   0.09446 -0.03754 -0.30722
   0.10497 -0.03853 -0.29837
   0.11601 -0.03940 -0.28827
   0.12747 -0.04016 -0.27799
   0.13927 -0.04079 -0.26758
   0.15135 -0.04132 -0.25683
   0.16365 -0.04173 -0.24600
   0.17612 -0.04204 -0.23536
   0.18874 -0.04226 -0.22449
   0.20149 -0.04239 -0.21451
   0.21434 -0.04244 -0.20413
   0.22729 -0.04242 -0.19410
   0.24031 -0.04233 -0.18452
   0.25341 -0.04218 -0.17519
   0.26657 -0.04198 -0.16613
   0.27979 -0.04173 -0.15733
   0.29306 -0.04144 -0.14858
   0.30638 -0.04110 -0.14106
   0.31974 -0.04074 -0.13291
   0.33314 -0.04034 -0.12578
   0.34657 -0.03991 -0.11897
   0.36003 -0.03946 -0.11262
   0.37351 -0.03899 -0.10680
   0.38700 -0.03851 -0.10191
   0.40048 -0.03801 -0.09944
   0.41391 -0.03749 -0.09662
   0.42733 -0.03694 -0.09192
   0.44075 -0.03636 -0.08738
   0.45418 -0.03575 -0.08217
   0.46762 -0.03512 -0.07683
   0.48107 -0.03446 -0.07155
   0.49454 -0.03378 -0.06590
   0.50802 -0.03308 -0.06063
   0.52152 -0.03235 -0.05508
   0.53503 -0.03161 -0.04961
   0.54855 -0.03086 -0.04427
   0.56209 -0.03008 -0.03892
   0.57564 -0.02930 -0.03362
   0.58919 -0.02850 -0.02827
   0.60276 -0.02769 -0.02287
   0.61633 -0.02687 -0.01776
   0.62992 -0.02604 -0.01236
   0.64351 -0.02520 -0.00765
   0.65710 -0.02435 -0.00216
   0.67071 -0.02350  0.00287
   0.68431 -0.02264  0.00812
   0.69793 -0.02177  0.01299
   0.71154 -0.02090  0.01838
   0.72516 -0.02002  0.02341
   0.73878 -0.01914  0.02865
   0.75241 -0.01825  0.03372
   0.76603 -0.01736  0.03930
   0.77966 -0.01646  0.04454
   0.79328 -0.01557  0.05047
   0.80691 -0.01466  0.05619
   0.82053 -0.01375  0.06226
   0.83414 -0.01284  0.06837
   0.84775 -0.01193  0.07529
   0.86135 -0.01101  0.08198
   0.87494 -0.01008  0.09015
   0.88849 -0.00916  0.09837
   0.90199 -0.00823  0.10765
   0.91540 -0.00730  0.11775
   0.92865 -0.00638  0.12970
   0.94163 -0.00546  0.14323
   0.95415 -0.00458  0.15947
   0.96598 -0.00373  0.17865
   0.97685 -0.00295  0.20297
   0.98656 -0.00224  0.23562
   0.99502 -0.00163  0.28333
   1.00000 -0.00126  0.41790
