NACA 4412                                       
 Alfa =   7.00000 Re =        0.000 Xflap,Yflap =     0.000000    0.000000
#    x        y        Cp  
   1.00000  0.00126  0.43598
   0.99521  0.00257  0.26221
   0.98708  0.00476  0.18568
   0.97781  0.00723  0.12318
   0.96749  0.00995  0.07092
   0.95630  0.01284  0.02439
   0.94450  0.01585 -0.01753
   0.93229  0.01890 -0.05765
   0.91982  0.02196 -0.09319
   0.90720  0.02499 -0.12820
   0.89449  0.02799 -0.15983
   0.88172  0.03094 -0.19095
   0.86892  0.03385 -0.21989
   0.85608  0.03670 -0.24764
   0.84323  0.03949 -0.27499
   0.83036  0.04223 -0.30248
   0.81747  0.04491 -0.32685
   0.80457  0.04754 -0.35291
   0.79166  0.05011 -0.37712
   0.77874  0.05262 -0.40208
   0.76582  0.05507 -0.42499
   0.75288  0.05747 -0.44915
   0.73993  0.05981 -0.47235
   0.72698  0.06208 -0.49544
   0.71402  0.06431 -0.51843
   0.70105  0.06647 -0.54144
   0.68808  0.06857 -0.56419
   0.67511  0.07061 -0.58641
   0.66213  0.07259 -0.60997
   0.64915  0.07450 -0.63213
   0.63617  0.07636 -0.65513
   0.62318  0.07815 -0.67825
   0.61020  0.07988 -0.70148
   0.59722  0.08154 -0.72412
   0.58423  0.08314 -0.74731
   0.57125  0.08467 -0.77152
   0.55828  0.08613 -0.79526
   0.54530  0.08752 -0.81918
   0.53234  0.08884 -0.84415
   0.51938  0.09009 -0.86853
   0.50642  0.09127 -0.89465
   0.49348  0.09238 -0.91986
   0.48055  0.09340 -0.94678
   0.46763  0.09436 -0.97394
   0.45473  0.09523 -1.00249
   0.44185  0.09602 -1.03191
   0.42901  0.09673 -1.06262
   0.41622  0.09736 -1.09550
   0.40351  0.09790 -1.13357
   0.39093  0.09833 -1.17847
   0.37844  0.09864 -1.21263
   0.36603  0.09882 -1.24559
   0.35366  0.09887 -1.27672
   0.34133  0.09879 -1.30697
   0.32904  0.09857 -1.33494
   0.31679  0.09822 -1.36341
   0.30457  0.09774 -1.39025
   0.29239  0.09711 -1.41765
   0.28026  0.09634 -1.44310
   0.26817  0.09543 -1.46876
   0.25613  0.09438 -1.49417
   0.24415  0.09318 -1.51852
   0.23223  0.09183 -1.54333
   0.22037  0.09034 -1.56753
   0.20859  0.08869 -1.59105
   0.19690  0.08688 -1.61534
   0.18529  0.08492 -1.63874
   0.17380  0.08280 -1.66334
   0.16241  0.08052 -1.68706
   0.15117  0.07809 -1.71226
   0.14008  0.07550 -1.73751
   0.12919  0.07276 -1.76425
   0.11851  0.06987 -1.79120
   0.10810  0.06684 -1.82118
   0.09802  0.06369 -1.85217
   0.08834  0.06045 -1.88577
   0.07913  0.05715 -1.92215
   0.07047  0.05382 -1.96058
   0.06243  0.05052 -2.00330
   0.05507  0.04728 -2.04769
   0.04840  0.04415 -2.09574
   0.04242  0.04115 -2.14547
   0.03709  0.03830 -2.19803
   0.03236  0.03559 -2.25115
   0.02817  0.03304 -2.30763
   0.02445  0.03062 -2.36359
   0.02114  0.02833 -2.41903
   0.01820  0.02615 -2.47715
   0.01558  0.02407 -2.53302
   0.01325  0.02207 -2.58791
   0.01116  0.02015 -2.63902
   0.00929  0.01829 -2.68488
   0.00763  0.01648 -2.72805
   0.00616  0.01473 -2.75520
   0.00486  0.01301 -2.77223
   0.00372  0.01132 -2.77008
   0.00274  0.00966 -2.74265
   0.00191  0.00803 -2.67938
   0.00124  0.00642 -2.58261
   0.00071  0.00484 -2.43583
   0.00033  0.00329 -2.23686
   0.00010  0.00176 -1.99515
   0.00000  0.00028 -1.70870
   0.00004 -0.00117 -1.39990
   0.00023 -0.00266 -1.05617
   0.00059 -0.00416 -0.68581
   0.00112 -0.00565 -0.31680
   0.00183 -0.00712  0.02874
   0.00273 -0.00855  0.32447
   0.00381 -0.00994  0.55999
   0.00507 -0.01128  0.73656
   0.00650 -0.01257  0.85903
   0.00810 -0.01381  0.93623
   0.00989 -0.01499  0.98005
   0.01186 -0.01613  0.99820
   0.01402 -0.01724  0.99786
   0.01639 -0.01830  0.98453
   0.01900 -0.01933  0.96177
   0.02187 -0.02034  0.93304
   0.02503 -0.02131  0.89988
   0.02853 -0.02226  0.86427
   0.03242 -0.02319  0.82686
   0.03676 -0.02408  0.78873
   0.04162 -0.02495  0.75090
   0.04709 -0.02578  0.71268
   0.05326 -0.02657  0.67568
   0.06020 -0.02729  0.64034
   0.06796 -0.02794  0.60628
   0.07659 -0.02850  0.57475
   0.08606 -0.02894  0.54601
   0.09630 -0.02925  0.52017
   0.10723 -0.02943  0.49721
   0.11871 -0.02948  0.47726
   0.13065 -0.02941  0.46008
   0.14295 -0.02923  0.44536
   0.15553 -0.02894  0.43246
   0.16833 -0.02857  0.42179
   0.18132 -0.02812  0.41233
   0.19445 -0.02761  0.40424
   0.20771 -0.02704  0.39727
   0.22107 -0.02644  0.39120
   0.23453 -0.02580  0.38574
   0.24806 -0.02513  0.38089
   0.26165 -0.02445  0.37665
   0.27528 -0.02376  0.37265
   0.28893 -0.02307  0.36900
   0.30256 -0.02239  0.36529
   0.31617 -0.02172  0.36201
   0.32975 -0.02106  0.35862
   0.34329 -0.02042  0.35503
   0.35682 -0.01980  0.35134
   0.37032 -0.01922  0.34735
   0.38382 -0.01866  0.34280
   0.39733 -0.01813  0.33596
   0.41090 -0.01762  0.32809
   0.42451 -0.01709  0.32338
   0.43815 -0.01656  0.31883
   0.45181 -0.01601  0.31558
   0.46550 -0.01546  0.31201
   0.47920 -0.01490  0.30958
   0.49291 -0.01434  0.30652
   0.50663 -0.01378  0.30439
   0.52034 -0.01322  0.30239
   0.53404 -0.01267  0.30000
   0.54774 -0.01211  0.29810
   0.56142 -0.01157  0.29615
   0.57509 -0.01103  0.29449
   0.58875 -0.01051  0.29274
   0.60240 -0.00999  0.29109
   0.61604 -0.00948  0.28933
   0.62967 -0.00899  0.28771
   0.64330 -0.00850  0.28616
   0.65692 -0.00803  0.28462
   0.67053 -0.00758  0.28280
   0.68414 -0.00713  0.28156
   0.69774 -0.00671  0.27961
   0.71134 -0.00630  0.27820
   0.72494 -0.00590  0.27680
   0.73854 -0.00552  0.27483
   0.75213 -0.00516  0.27343
   0.76572 -0.00481  0.27183
   0.77931 -0.00448  0.26989
   0.79290 -0.00417  0.26898
   0.80649 -0.00387  0.26707
   0.82009 -0.00359  0.26574
   0.83368 -0.00332  0.26419
   0.84727 -0.00307  0.26327
   0.86085 -0.00284  0.26167
   0.87443 -0.00262  0.26136
   0.88799 -0.00242  0.26032
   0.90151 -0.00223  0.26012
   0.91495 -0.00206  0.26076
   0.92825 -0.00191  0.26189
   0.94129 -0.00176  0.26410
   0.95390 -0.00164  0.26835
   0.96581 -0.00153  0.27392
   0.97676 -0.00144  0.28573
   0.98653 -0.00136  0.30183
   0.99502 -0.00130  0.33355
   1.00000 -0.00126  0.43598
