NACA 4412                                       
 Alfa =  -3.00000 Re =        0.000 Xflap,Yflap =     0.000000    0.000000
#    x        y        Cp  
   1.00000  0.00126  0.41560
   0.99521  0.00257  0.25244
   0.98708  0.00476  0.18571
   0.97781  0.00723  0.13253
   0.96749  0.00995  0.09103
   0.95630  0.01284  0.05436
   0.94450  0.01585  0.02275
   0.93229  0.01890 -0.00590
   0.91982  0.02196 -0.03205
   0.90720  0.02499 -0.05603
   0.89449  0.02799 -0.07716
   0.88172  0.03094 -0.09796
   0.86892  0.03385 -0.11672
   0.85608  0.03670 -0.13438
   0.84323  0.03949 -0.15096
   0.83036  0.04223 -0.16763
   0.81747  0.04491 -0.18200
   0.80457  0.04754 -0.19709
   0.79166  0.05011 -0.21076
   0.77874  0.05262 -0.22428
   0.76582  0.05507 -0.23709
   0.75288  0.05747 -0.24955
   0.73993  0.05981 -0.26168
   0.72698  0.06208 -0.27324
   0.71402  0.06431 -0.28471
   0.70105  0.06647 -0.29553
   0.68808  0.06857 -0.30632
   0.67511  0.07061 -0.31649
   0.66213  0.07259 -0.32708
   0.64915  0.07450 -0.33674
   0.63617  0.07636 -0.34640
   0.62318  0.07815 -0.35609
   0.61020  0.07988 -0.36559
   0.59722  0.08154 -0.37421
   0.58423  0.08314 -0.38319
   0.57125  0.08467 -0.39235
   0.55828  0.08613 -0.40059
   0.54530  0.08752 -0.40901
   0.53234  0.08884 -0.41756
   0.51938  0.09009 -0.42561
   0.50642  0.09127 -0.43402
   0.49348  0.09238 -0.44163
   0.48055  0.09340 -0.44991
   0.46763  0.09436 -0.45779
   0.45473  0.09523 -0.46622
   0.44185  0.09602 -0.47439
   0.42901  0.09673 -0.48343
   0.41622  0.09736 -0.49272
   0.40351  0.09790 -0.50501
   0.39093  0.09833 -0.52167
   0.37844  0.09864 -0.52961
   0.36603  0.09882 -0.53623
   0.35366  0.09887 -0.54027
   0.34133  0.09879 -0.54289
   0.32904  0.09857 -0.54312
   0.31679  0.09822 -0.54271
   0.30457  0.09774 -0.53978
   0.29239  0.09711 -0.53660
   0.28026  0.09634 -0.53053
   0.26817  0.09543 -0.52369
   0.25613  0.09438 -0.51505
   0.24415  0.09318 -0.50410
   0.23223  0.09183 -0.49243
   0.22037  0.09034 -0.47844
   0.20859  0.08869 -0.46205
   0.19690  0.08688 -0.44444
   0.18529  0.08492 -0.42398
   0.17380  0.08280 -0.40193
   0.16241  0.08052 -0.37686
   0.15117  0.07809 -0.34976
   0.14008  0.07550 -0.31954
   0.12919  0.07276 -0.28688
   0.11851  0.06987 -0.25044
   0.10810  0.06684 -0.21176
   0.09802  0.06369 -0.16920
   0.08834  0.06045 -0.12345
   0.07913  0.05715 -0.07463
   0.07047  0.05382 -0.02225
   0.06243  0.05052  0.03202
   0.05507  0.04728  0.08916
   0.04840  0.04415  0.14746
   0.04242  0.04115  0.20744
   0.03709  0.03830  0.26775
   0.03236  0.03559  0.32914
   0.02817  0.03304  0.38997
   0.02445  0.03062  0.45153
   0.02114  0.02833  0.51351
   0.01820  0.02615  0.57438
   0.01558  0.02407  0.63535
   0.01325  0.02207  0.69548
   0.01116  0.02015  0.75443
   0.00929  0.01829  0.81144
   0.00763  0.01648  0.86426
   0.00616  0.01473  0.91288
   0.00486  0.01301  0.95365
   0.00372  0.01132  0.98364
   0.00274  0.00966  0.99898
   0.00191  0.00803  0.99457
   0.00124  0.00642  0.96506
   0.00071  0.00484  0.90460
   0.00033  0.00329  0.80833
   0.00010  0.00176  0.67557
   0.00000  0.00028  0.50607
   0.00004 -0.00117  0.29940
   0.00023 -0.00266  0.05396
   0.00059 -0.00416 -0.21966
   0.00112 -0.00565 -0.49541
   0.00183 -0.00712 -0.75552
   0.00273 -0.00855 -0.97588
   0.00381 -0.00994 -1.14674
   0.00507 -0.01128 -1.27061
   0.00650 -0.01257 -1.35106
   0.00810 -0.01381 -1.39046
   0.00989 -0.01499 -1.40484
   0.01186 -0.01613 -1.39748
   0.01402 -0.01724 -1.37656
   0.01639 -0.01830 -1.34095
   0.01900 -0.01933 -1.30131
   0.02187 -0.02034 -1.25398
   0.02503 -0.02131 -1.20401
   0.02853 -0.02226 -1.15061
   0.03242 -0.02319 -1.09624
   0.03676 -0.02408 -1.04020
   0.04162 -0.02495 -0.98227
   0.04709 -0.02578 -0.92562
   0.05326 -0.02657 -0.86774
   0.06020 -0.02729 -0.80949
   0.06796 -0.02794 -0.75302
   0.07659 -0.02850 -0.69740
   0.08606 -0.02894 -0.64352
   0.09630 -0.02925 -0.59224
   0.10723 -0.02943 -0.54418
   0.11871 -0.02948 -0.49916
   0.13065 -0.02941 -0.45740
   0.14295 -0.02923 -0.41877
   0.15553 -0.02894 -0.38328
   0.16833 -0.02857 -0.35023
   0.18132 -0.02812 -0.31993
   0.19445 -0.02761 -0.29181
   0.20771 -0.02704 -0.26566
   0.22107 -0.02644 -0.24154
   0.23453 -0.02580 -0.21908
   0.24806 -0.02513 -0.19845
   0.26165 -0.02445 -0.17886
   0.27528 -0.02376 -0.16109
   0.28893 -0.02307 -0.14444
   0.30256 -0.02239 -0.12947
   0.31617 -0.02172 -0.11550
   0.32975 -0.02106 -0.10296
   0.34329 -0.02042 -0.09144
   0.35682 -0.01980 -0.08159
   0.37032 -0.01922 -0.07275
   0.38382 -0.01866 -0.06593
   0.39733 -0.01813 -0.06237
   0.41090 -0.01762 -0.06196
   0.42451 -0.01709 -0.05650
   0.43815 -0.01656 -0.05099
   0.45181 -0.01601 -0.04435
   0.46550 -0.01546 -0.03779
   0.47920 -0.01490 -0.03092
   0.49291 -0.01434 -0.02438
   0.50663 -0.01378 -0.01752
   0.52034 -0.01322 -0.01071
   0.53404 -0.01267 -0.00439
   0.54774 -0.01211  0.00237
   0.56142 -0.01157  0.00834
   0.57509 -0.01103  0.01474
   0.58875 -0.01051  0.02060
   0.60240 -0.00999  0.02671
   0.61604 -0.00948  0.03228
   0.62967 -0.00899  0.03809
   0.64330 -0.00850  0.04333
   0.65692 -0.00803  0.04894
   0.67053 -0.00758  0.05399
   0.68414 -0.00713  0.05930
   0.69774 -0.00671  0.06420
   0.71134 -0.00630  0.06920
   0.72494 -0.00590  0.07427
   0.73854 -0.00552  0.07899
   0.75213 -0.00516  0.08354
   0.76572 -0.00481  0.08848
   0.77931 -0.00448  0.09317
   0.79290 -0.00417  0.09788
   0.80649 -0.00387  0.10281
   0.82009 -0.00359  0.10788
   0.83368 -0.00332  0.11280
   0.84727 -0.00307  0.11789
   0.86085 -0.00284  0.12368
   0.87443 -0.00262  0.12950
   0.88799 -0.00242  0.13596
   0.90151 -0.00223  0.14277
   0.91495 -0.00206  0.15100
   0.92825 -0.00191  0.15992
   0.94129 -0.00176  0.17031
   0.95390 -0.00164  0.18339
   0.96581 -0.00153  0.19813
   0.97676 -0.00144  0.21982
   0.98653 -0.00136  0.24690
   0.99502 -0.00130  0.29015
   1.00000 -0.00126  0.41560
