NACA 4412                                       
 Alfa =   0.00000 Re =        0.000 Xflap,Yflap =     0.000000    0.000000
#    x        y        Cp  
   1.00000  0.00126  0.41804
   0.99521  0.00257  0.25059
   0.98708  0.00476  0.18047
   0.97781  0.00723  0.12414
   0.96749  0.00995  0.07913
   0.95630  0.01284  0.03927
   0.94450  0.01585  0.00437
   0.93229  0.01890 -0.02788
   0.91982  0.02196 -0.05699
   0.90720  0.02499 -0.08438
   0.89449  0.02799 -0.10876
   0.88172  0.03094 -0.13273
   0.86892  0.03385 -0.15461
   0.85608  0.03670 -0.17535
   0.84323  0.03949 -0.19519
   0.83036  0.04223 -0.21513
   0.81747  0.04491 -0.23251
   0.80457  0.04754 -0.25089
   0.79166  0.05011 -0.26771
   0.77874  0.05262 -0.28463
   0.76582  0.05507 -0.30045
   0.75288  0.05747 -0.31637
   0.73993  0.05981 -0.33177
   0.72698  0.06208 -0.34672
   0.71402  0.06431 -0.36157
   0.70105  0.06647 -0.37595
   0.68808  0.06857 -0.39023
   0.67511  0.07061 -0.40390
   0.66213  0.07259 -0.41826
   0.64915  0.07450 -0.43153
   0.63617  0.07636 -0.44503
   0.62318  0.07815 -0.45859
   0.61020  0.07988 -0.47202
   0.59722  0.08154 -0.48465
   0.58423  0.08314 -0.49768
   0.57125  0.08467 -0.51112
   0.55828  0.08613 -0.52375
   0.54530  0.08752 -0.53655
   0.53234  0.08884 -0.54973
   0.51938  0.09009 -0.56237
   0.50642  0.09127 -0.57574
   0.49348  0.09238 -0.58826
   0.48055  0.09340 -0.60173
   0.46763  0.09436 -0.61497
   0.45473  0.09523 -0.62897
   0.44185  0.09602 -0.64300
   0.42901  0.09673 -0.65802
   0.41622  0.09736 -0.67378
   0.40351  0.09790 -0.69316
   0.39093  0.09833 -0.71761
   0.37844  0.09864 -0.73266
   0.36603  0.09882 -0.74638
   0.35366  0.09887 -0.75767
   0.34133  0.09879 -0.76763
   0.32904  0.09857 -0.77517
   0.31679  0.09822 -0.78233
   0.30457  0.09774 -0.78712
   0.29239  0.09711 -0.79185
   0.28026  0.09634 -0.79383
   0.26817  0.09543 -0.79523
   0.25613  0.09438 -0.79515
   0.24415  0.09318 -0.79298
   0.23223  0.09183 -0.79032
   0.22037  0.09034 -0.78565
   0.20859  0.08869 -0.77888
   0.19690  0.08688 -0.77127
   0.18529  0.08492 -0.76111
   0.17380  0.08280 -0.74989
   0.16241  0.08052 -0.73596
   0.15117  0.07809 -0.72062
   0.14008  0.07550 -0.70264
   0.12919  0.07276 -0.68283
   0.11851  0.06987 -0.65978
   0.10810  0.06684 -0.63530
   0.09802  0.06369 -0.60750
   0.08834  0.06045 -0.57720
   0.07913  0.05715 -0.54440
   0.07047  0.05382 -0.50839
   0.06243  0.05052 -0.47089
   0.05507  0.04728 -0.43031
   0.04840  0.04415 -0.38839
   0.04242  0.04115 -0.34405
   0.03709  0.03830 -0.29854
   0.03236  0.03559 -0.25052
   0.02817  0.03304 -0.20184
   0.02445  0.03062 -0.15028
   0.02114  0.02833 -0.09579
   0.01820  0.02615 -0.04014
   0.01558  0.02407  0.01929
   0.01325  0.02207  0.08190
   0.01116  0.02015  0.14857
   0.00929  0.01829  0.21978
   0.00763  0.01648  0.29355
   0.00616  0.01473  0.37402
   0.00486  0.01301  0.45761
   0.00372  0.01132  0.54443
   0.00274  0.00966  0.63338
   0.00191  0.00803  0.72292
   0.00124  0.00642  0.80703
   0.00071  0.00484  0.88311
   0.00033  0.00329  0.94478
   0.00010  0.00176  0.98515
   0.00000  0.00028  0.99999
   0.00004 -0.00117  0.98547
   0.00023 -0.00266  0.93728
   0.00059 -0.00416  0.85274
   0.00112 -0.00565  0.73747
   0.00183 -0.00712  0.59950
   0.00273 -0.00855  0.45417
   0.00381 -0.00994  0.31381
   0.00507 -0.01128  0.18487
   0.00650 -0.01257  0.07273
   0.00810 -0.01381 -0.01803
   0.00989 -0.01499 -0.09365
   0.01186 -0.01613 -0.15325
   0.01402 -0.01724 -0.20090
   0.01639 -0.01830 -0.23494
   0.01900 -0.01933 -0.26246
   0.02187 -0.02034 -0.28062
   0.02503 -0.02131 -0.29339
   0.02853 -0.02226 -0.30017
   0.03242 -0.02319 -0.30308
   0.03676 -0.02408 -0.30183
   0.04162 -0.02495 -0.29627
   0.04709 -0.02578 -0.28923
   0.05326 -0.02657 -0.27866
   0.06020 -0.02729 -0.26521
   0.06796 -0.02794 -0.25067
   0.07659 -0.02850 -0.23410
   0.08606 -0.02894 -0.21618
   0.09630 -0.02925 -0.19761
   0.10723 -0.02943 -0.17901
   0.11871 -0.02948 -0.16039
   0.13065 -0.02941 -0.14215
   0.14295 -0.02923 -0.12447
   0.15553 -0.02894 -0.10772
   0.16833 -0.02857 -0.09137
   0.18132 -0.02812 -0.07609
   0.19445 -0.02761 -0.06152
   0.20771 -0.02704 -0.04764
   0.22107 -0.02644 -0.03461
   0.23453 -0.02580 -0.02233
   0.24806 -0.02513 -0.01093
   0.26165 -0.02445  0.00009
   0.27528 -0.02376  0.01006
   0.28893 -0.02307  0.01950
   0.30256 -0.02239  0.02784
   0.31617 -0.02172  0.03573
   0.32975 -0.02106  0.04266
   0.34329 -0.02042  0.04889
   0.35682 -0.01980  0.05400
   0.37032 -0.01922  0.05836
   0.38382 -0.01866  0.06120
   0.39733 -0.01813  0.06109
   0.41090 -0.01762  0.05855
   0.42451 -0.01709  0.06048
   0.43815 -0.01656  0.06253
   0.45181 -0.01601  0.06578
   0.46550 -0.01546  0.06888
   0.47920 -0.01490  0.07261
   0.49291 -0.01434  0.07589
   0.50663 -0.01378  0.07973
   0.52034 -0.01322  0.08358
   0.53404 -0.01267  0.08698
   0.54774 -0.01211  0.09086
   0.56142 -0.01157  0.09419
   0.57509 -0.01103  0.09792
   0.58875 -0.01051  0.10126
   0.60240 -0.00999  0.10481
   0.61604 -0.00948  0.10797
   0.62967 -0.00899  0.11134
   0.64330 -0.00850  0.11436
   0.65692 -0.00803  0.11763
   0.67053 -0.00758  0.12044
   0.68414 -0.00713  0.12362
   0.69774 -0.00671  0.12629
   0.71134 -0.00630  0.12922
   0.72494 -0.00590  0.13220
   0.73854 -0.00552  0.13476
   0.75213 -0.00516  0.13739
   0.76572 -0.00481  0.14023
   0.77931 -0.00448  0.14280
   0.79290 -0.00417  0.14572
   0.80649 -0.00387  0.14847
   0.82009 -0.00359  0.15150
   0.83368 -0.00332  0.15437
   0.84727 -0.00307  0.15756
   0.86085 -0.00284  0.16102
   0.87443 -0.00262  0.16492
   0.88799 -0.00242  0.16903
   0.90151 -0.00223  0.17366
   0.91495 -0.00206  0.17953
   0.92825 -0.00191  0.18605
   0.94129 -0.00176  0.19393
   0.95390 -0.00164  0.20432
   0.96581 -0.00153  0.21629
   0.97676 -0.00144  0.23504
   0.98653 -0.00136  0.25889
   0.99502 -0.00130  0.29886
   1.00000 -0.00126  0.41804
