NACA 4412                                       
 Alfa =  -4.00000 Re =        0.000 Xflap,Yflap =     0.000000    0.000000
#    x        y        Cp  
   1.00000  0.00126  0.41549
   0.99521  0.00257  0.25396
   0.98708  0.00476  0.18845
   0.97781  0.00723  0.13638
   0.96749  0.00995  0.09608
   0.95630  0.01284  0.06052
   0.94450  0.01585  0.03002
   0.93229  0.01890  0.00259
   0.91982  0.02196 -0.02255
   0.90720  0.02499 -0.04537
   0.89449  0.02799 -0.06542
   0.88172  0.03094 -0.08515
   0.86892  0.03385 -0.10287
   0.85608  0.03670 -0.11951
   0.84323  0.03949 -0.13500
   0.83036  0.04223 -0.15059
   0.81747  0.04491 -0.16396
   0.80457  0.04754 -0.17796
   0.79166  0.05011 -0.19060
   0.77874  0.05262 -0.20300
   0.76582  0.05507 -0.21482
   0.75288  0.05747 -0.22614
   0.73993  0.05981 -0.23721
   0.72698  0.06208 -0.24766
   0.71402  0.06431 -0.25803
   0.70105  0.06647 -0.26769
   0.68808  0.06857 -0.27734
   0.67511  0.07061 -0.28638
   0.66213  0.07259 -0.29576
   0.64915  0.07450 -0.30424
   0.63617  0.07636 -0.31266
   0.62318  0.07815 -0.32111
   0.61020  0.07988 -0.32934
   0.59722  0.08154 -0.33668
   0.58423  0.08314 -0.34436
   0.57125  0.08467 -0.35215
   0.55828  0.08613 -0.35899
   0.54530  0.08752 -0.36601
   0.53234  0.08884 -0.37310
   0.51938  0.09009 -0.37969
   0.50642  0.09127 -0.38653
   0.49348  0.09238 -0.39259
   0.48055  0.09340 -0.39922
   0.46763  0.09436 -0.40543
   0.45473  0.09523 -0.41210
   0.44185  0.09602 -0.41843
   0.42901  0.09673 -0.42560
   0.41622  0.09736 -0.43287
   0.40351  0.09790 -0.44293
   0.39093  0.09833 -0.45715
   0.37844  0.09864 -0.46289
   0.36603  0.09882 -0.46731
   0.35366  0.09887 -0.46913
   0.34133  0.09879 -0.46950
   0.32904  0.09857 -0.46752
   0.31679  0.09822 -0.46482
   0.30457  0.09774 -0.45956
   0.29239  0.09711 -0.45403
   0.28026  0.09634 -0.44556
   0.26817  0.09543 -0.43628
   0.25613  0.09438 -0.42513
   0.24415  0.09318 -0.41162
   0.23223  0.09183 -0.39735
   0.22037  0.09034 -0.38070
   0.20859  0.08869 -0.36159
   0.19690  0.08688 -0.34117
   0.18529  0.08492 -0.31784
   0.17380  0.08280 -0.29282
   0.16241  0.08052 -0.26474
   0.15117  0.07809 -0.23451
   0.14008  0.07550 -0.20110
   0.12919  0.07276 -0.16514
   0.11851  0.06987 -0.12536
   0.10810  0.06684 -0.08322
   0.09802  0.06369 -0.03718
   0.08834  0.06045  0.01208
   0.07913  0.05715  0.06436
   0.07047  0.05382  0.12006
   0.06243  0.05052  0.17750
   0.05507  0.04728  0.23745
   0.04840  0.04415  0.29818
   0.04242  0.04115  0.36002
   0.03709  0.03830  0.42157
   0.03236  0.03559  0.48335
   0.02817  0.03304  0.54378
   0.02445  0.03062  0.60379
   0.02114  0.02833  0.66293
   0.01820  0.02615  0.71967
   0.01558  0.02407  0.77473
   0.01325  0.02207  0.82695
   0.01116  0.02015  0.87553
   0.00929  0.01829  0.91922
   0.00763  0.01648  0.95557
   0.00616  0.01473  0.98321
   0.00486  0.01301  0.99829
   0.00372  0.01132  0.99702
   0.00274  0.00966  0.97462
   0.00191  0.00803  0.92504
   0.00124  0.00642  0.84348
   0.00071  0.00484  0.72365
   0.00033  0.00329  0.56191
   0.00010  0.00176  0.36030
   0.00000  0.00028  0.12078
   0.00004 -0.00117 -0.15656
   0.00023 -0.00266 -0.47109
   0.00059 -0.00416 -0.80638
   0.00112 -0.00565 -1.12883
   0.00183 -0.00712 -1.41786
   0.00273 -0.00855 -1.64771
   0.00381 -0.00994 -1.81112
   0.00507 -0.01128 -1.91506
   0.00650 -0.01257 -1.96730
   0.00810 -0.01381 -1.97317
   0.00989 -0.01499 -1.95223
   0.01186 -0.01613 -1.90928
   0.01402 -0.01724 -1.85378
   0.01639 -0.01830 -1.78462
   0.01900 -0.01933 -1.71352
   0.02187 -0.02034 -1.63636
   0.02503 -0.02131 -1.55841
   0.02853 -0.02226 -1.47871
   0.03242 -0.02319 -1.39972
   0.03676 -0.02408 -1.32049
   0.04162 -0.02495 -1.24074
   0.04709 -0.02578 -1.16364
   0.05326 -0.02657 -1.08651
   0.06020 -0.02729 -1.01026
   0.06796 -0.02794 -0.93711
   0.07659 -0.02850 -0.86612
   0.08606 -0.02894 -0.79821
   0.09630 -0.02925 -0.73428
   0.10723 -0.02943 -0.67493
   0.11871 -0.02948 -0.61987
   0.13065 -0.02941 -0.56922
   0.14295 -0.02923 -0.52272
   0.15553 -0.02894 -0.48023
   0.16833 -0.02857 -0.44097
   0.18132 -0.02812 -0.40511
   0.19445 -0.02761 -0.37201
   0.20771 -0.02704 -0.34136
   0.22107 -0.02644 -0.31318
   0.23453 -0.02580 -0.28701
   0.24806 -0.02513 -0.26303
   0.26165 -0.02445 -0.24034
   0.27528 -0.02376 -0.21975
   0.28893 -0.02307 -0.20049
   0.30256 -0.02239 -0.18314
   0.31617 -0.02172 -0.16699
   0.32975 -0.02106 -0.15244
   0.34329 -0.02042 -0.13902
   0.35682 -0.01980 -0.12747
   0.37032 -0.01922 -0.11704
   0.38382 -0.01866 -0.10880
   0.39733 -0.01813 -0.10392
   0.41090 -0.01762 -0.10244
   0.42451 -0.01709 -0.09573
   0.43815 -0.01656 -0.08898
   0.45181 -0.01601 -0.08114
   0.46550 -0.01546 -0.07336
   0.47920 -0.01490 -0.06538
   0.49291 -0.01434 -0.05769
   0.50663 -0.01378 -0.04978
   0.52034 -0.01322 -0.04193
   0.53404 -0.01267 -0.03459
   0.54774 -0.01211 -0.02682
   0.56142 -0.01157 -0.01993
   0.57509 -0.01103 -0.01260
   0.58875 -0.01051 -0.00586
   0.60240 -0.00999  0.00114
   0.61604 -0.00948  0.00755
   0.62967 -0.00899  0.01421
   0.64330 -0.00850  0.02022
   0.65692 -0.00803  0.02664
   0.67053 -0.00758  0.03246
   0.68414 -0.00713  0.03851
   0.69774 -0.00671  0.04417
   0.71134 -0.00630  0.04989
   0.72494 -0.00590  0.05568
   0.73854 -0.00552  0.06114
   0.75213 -0.00516  0.06634
   0.76572 -0.00481  0.07200
   0.77931 -0.00448  0.07742
   0.79290 -0.00417  0.08275
   0.80649 -0.00387  0.08843
   0.82009 -0.00359  0.09419
   0.83368 -0.00332  0.09980
   0.84727 -0.00307  0.10554
   0.86085 -0.00284  0.11213
   0.87443 -0.00262  0.11859
   0.88799 -0.00242  0.12585
   0.90151 -0.00223  0.13339
   0.91495 -0.00206  0.14242
   0.92825 -0.00191  0.15215
   0.94129 -0.00176  0.16338
   0.95390 -0.00164  0.17734
   0.96581 -0.00153  0.19301
   0.97676 -0.00144  0.21566
   0.98653 -0.00136  0.24380
   0.99502 -0.00130  0.28810
   1.00000 -0.00126  0.41549
