NACA 4412                                       
 Alfa =  -1.00000 Re =        0.000 Xflap,Yflap =     0.000000    0.000000
#    x        y        Cp  
   1.00000  0.00126  0.41687
   0.99521  0.00257  0.25075
   0.98708  0.00476  0.18172
   0.97781  0.00723  0.12641
   0.96749  0.00995  0.08255
   0.95630  0.01284  0.04373
   0.94450  0.01585  0.00991
   0.93229  0.01890 -0.02115
   0.91982  0.02196 -0.04928
   0.90720  0.02499 -0.07554
   0.89449  0.02799 -0.09884
   0.88172  0.03094 -0.12176
   0.86892  0.03385 -0.14261
   0.85608  0.03670 -0.16232
   0.84323  0.03949 -0.18107
   0.83036  0.04223 -0.19992
   0.81747  0.04491 -0.21629
   0.80457  0.04754 -0.23357
   0.79166  0.05011 -0.24934
   0.77874  0.05262 -0.26512
   0.76582  0.05507 -0.27993
   0.75288  0.05747 -0.29469
   0.73993  0.05981 -0.30899
   0.72698  0.06208 -0.32280
   0.71402  0.06431 -0.33651
   0.70105  0.06647 -0.34969
   0.68808  0.06857 -0.36279
   0.67511  0.07061 -0.37529
   0.66213  0.07259 -0.38837
   0.64915  0.07450 -0.40042
   0.63617  0.07636 -0.41262
   0.62318  0.07815 -0.42487
   0.61020  0.07988 -0.43697
   0.59722  0.08154 -0.44824
   0.58423  0.08314 -0.45990
   0.57125  0.08467 -0.47188
   0.55828  0.08613 -0.48302
   0.54530  0.08752 -0.49433
   0.53234  0.08884 -0.50593
   0.51938  0.09009 -0.51701
   0.50642  0.09127 -0.52868
   0.49348  0.09238 -0.53953
   0.48055  0.09340 -0.55122
   0.46763  0.09436 -0.56263
   0.45473  0.09523 -0.57472
   0.44185  0.09602 -0.58674
   0.42901  0.09673 -0.59971
   0.41622  0.09736 -0.61325
   0.40351  0.09790 -0.63020
   0.39093  0.09833 -0.65198
   0.37844  0.09864 -0.66458
   0.36603  0.09882 -0.67585
   0.35366  0.09887 -0.68463
   0.34133  0.09879 -0.69204
   0.32904  0.09857 -0.69704
   0.31679  0.09822 -0.70156
   0.30457  0.09774 -0.70366
   0.29239  0.09711 -0.70562
   0.28026  0.09634 -0.70477
   0.26817  0.09543 -0.70327
   0.25613  0.09438 -0.70017
   0.24415  0.09318 -0.69489
   0.23223  0.09183 -0.68903
   0.22037  0.09034 -0.68104
   0.20859  0.08869 -0.67083
   0.19690  0.08688 -0.65962
   0.18529  0.08492 -0.64575
   0.17380  0.08280 -0.63061
   0.16241  0.08052 -0.61261
   0.15117  0.07809 -0.59296
   0.14008  0.07550 -0.57046
   0.12919  0.07276 -0.54588
   0.11851  0.06987 -0.51782
   0.10810  0.06684 -0.48797
   0.09802  0.06369 -0.45454
   0.08834  0.06045 -0.41826
   0.07913  0.05715 -0.37920
   0.07047  0.05382 -0.33667
   0.06243  0.05052 -0.29238
   0.05507  0.04728 -0.24493
   0.04840  0.04415 -0.19604
   0.04242  0.04115 -0.14481
   0.03709  0.03830 -0.09252
   0.03236  0.03559 -0.03802
   0.02817  0.03304  0.01694
   0.02445  0.03062  0.07427
   0.02114  0.02833  0.13392
   0.01820  0.02615  0.19424
   0.01558  0.02407  0.25740
   0.01325  0.02207  0.32273
   0.01116  0.02015  0.39073
   0.00929  0.01829  0.46151
   0.00763  0.01648  0.53305
   0.00616  0.01473  0.60810
   0.00486  0.01301  0.68314
   0.00372  0.01132  0.75721
   0.00274  0.00966  0.82826
   0.00191  0.00803  0.89344
   0.00124  0.00642  0.94683
   0.00071  0.00484  0.98438
   0.00033  0.00329  0.99989
   0.00010  0.00176  0.98819
   0.00000  0.00028  0.94594
   0.00004 -0.00117  0.87076
   0.00023 -0.00266  0.75857
   0.00059 -0.00416  0.61041
   0.00112 -0.00565  0.43830
   0.00183 -0.00712  0.25378
   0.00273 -0.00855  0.07571
   0.00381 -0.00994 -0.08363
   0.00507 -0.01128 -0.22000
   0.00650 -0.01257 -0.33043
   0.00810 -0.01381 -0.41230
   0.00989 -0.01499 -0.47499
   0.01186 -0.01613 -0.51892
   0.01402 -0.01724 -0.54962
   0.01639 -0.01830 -0.56563
   0.01900 -0.01933 -0.57534
   0.02187 -0.02034 -0.57569
   0.02503 -0.02131 -0.57111
   0.02853 -0.02226 -0.56098
   0.03242 -0.02319 -0.54759
   0.03676 -0.02408 -0.53055
   0.04162 -0.02495 -0.50975
   0.04709 -0.02578 -0.48815
   0.05326 -0.02657 -0.46357
   0.06020 -0.02729 -0.43674
   0.06796 -0.02794 -0.40959
   0.07659 -0.02850 -0.38120
   0.08606 -0.02894 -0.35233
   0.09630 -0.02925 -0.32374
   0.10723 -0.02943 -0.29607
   0.11871 -0.02948 -0.26929
   0.13065 -0.02941 -0.24374
   0.14295 -0.02923 -0.21952
   0.15553 -0.02894 -0.19691
   0.16833 -0.02857 -0.17532
   0.18132 -0.02812 -0.15532
   0.19445 -0.02761 -0.13648
   0.20771 -0.02704 -0.11871
   0.22107 -0.02644 -0.10217
   0.23453 -0.02580 -0.08666
   0.24806 -0.02513 -0.07233
   0.26165 -0.02445 -0.05858
   0.27528 -0.02376 -0.04612
   0.28893 -0.02307 -0.03438
   0.30256 -0.02239 -0.02391
   0.31617 -0.02172 -0.01408
   0.32975 -0.02106 -0.00535
   0.34329 -0.02042  0.00257
   0.35682 -0.01980  0.00921
   0.37032 -0.01922  0.01500
   0.38382 -0.01866  0.01912
   0.39733 -0.01813  0.02018
   0.41090 -0.01762  0.01859
   0.42451 -0.01709  0.02165
   0.43815 -0.01656  0.02481
   0.45181 -0.01601  0.02916
   0.46550 -0.01546  0.03338
   0.47920 -0.01490  0.03812
   0.49291 -0.01434  0.04246
   0.50663 -0.01378  0.04727
   0.52034 -0.01322  0.05208
   0.53404 -0.01267  0.05643
   0.54774 -0.01211  0.06124
   0.56142 -0.01157  0.06543
   0.57509 -0.01103  0.07003
   0.58875 -0.01051  0.07420
   0.60240 -0.00999  0.07858
   0.61604 -0.00948  0.08252
   0.62967 -0.00899  0.08669
   0.64330 -0.00850  0.09043
   0.65692 -0.00803  0.09447
   0.67053 -0.00758  0.09801
   0.68414 -0.00713  0.10189
   0.69774 -0.00671  0.10528
   0.71134 -0.00630  0.10889
   0.72494 -0.00590  0.11256
   0.73854 -0.00552  0.11582
   0.75213 -0.00516  0.11908
   0.76572 -0.00481  0.12261
   0.77931 -0.00448  0.12587
   0.79290 -0.00417  0.12939
   0.80649 -0.00387  0.13285
   0.82009 -0.00359  0.13656
   0.83368 -0.00332  0.14010
   0.84727 -0.00307  0.14392
   0.86085 -0.00284  0.14815
   0.87443 -0.00262  0.15268
   0.88799 -0.00242  0.15756
   0.90151 -0.00223  0.16291
   0.91495 -0.00206  0.16957
   0.92825 -0.00191  0.17689
   0.94129 -0.00176  0.18560
   0.95390 -0.00164  0.19688
   0.96581 -0.00153  0.20978
   0.97676 -0.00144  0.22951
   0.98653 -0.00136  0.25445
   0.99502 -0.00130  0.29553
   1.00000 -0.00126  0.41687
