NACA 4412                                       
 Alfa =   6.00000 Re =        0.000 Xflap,Yflap =     0.000000    0.000000
#    x        y        Cp  
   1.00000  0.00126  0.43239
   0.99521  0.00257  0.25920
   0.98708  0.00476  0.18344
   0.97781  0.00723  0.12171
   0.96749  0.00995  0.07040
   0.95630  0.01284  0.02474
   0.94450  0.01585 -0.01624
   0.93229  0.01890 -0.05529
   0.91982  0.02196 -0.08997
   0.90720  0.02499 -0.12393
   0.89449  0.02799 -0.15456
   0.88172  0.03094 -0.18470
   0.86892  0.03385 -0.21266
   0.85608  0.03670 -0.23943
   0.84323  0.03949 -0.26573
   0.83036  0.04223 -0.29215
   0.81747  0.04491 -0.31554
   0.80457  0.04754 -0.34052
   0.79166  0.05011 -0.36368
   0.77874  0.05262 -0.38750
   0.76582  0.05507 -0.40940
   0.75288  0.05747 -0.43238
   0.73993  0.05981 -0.45446
   0.72698  0.06208 -0.47638
   0.71402  0.06431 -0.49820
   0.70105  0.06647 -0.51996
   0.68808  0.06857 -0.54149
   0.67511  0.07061 -0.56247
   0.66213  0.07259 -0.58469
   0.64915  0.07450 -0.60555
   0.63617  0.07636 -0.62717
   0.62318  0.07815 -0.64889
   0.61020  0.07988 -0.67069
   0.59722  0.08154 -0.69185
   0.58423  0.08314 -0.71355
   0.57125  0.08467 -0.73617
   0.55828  0.08613 -0.75826
   0.54530  0.08752 -0.78053
   0.53234  0.08884 -0.80375
   0.51938  0.09009 -0.82638
   0.50642  0.09127 -0.85060
   0.49348  0.09238 -0.87391
   0.48055  0.09340 -0.89882
   0.46763  0.09436 -0.92389
   0.45473  0.09523 -0.95025
   0.44185  0.09602 -0.97735
   0.42901  0.09673 -1.00569
   0.41622  0.09736 -1.03598
   0.40351  0.09790 -1.07123
   0.39093  0.09833 -1.11304
   0.37844  0.09864 -1.14428
   0.36603  0.09882 -1.17430
   0.35366  0.09887 -1.20237
   0.34133  0.09879 -1.22948
   0.32904  0.09857 -1.25428
   0.31679  0.09822 -1.27942
   0.30457  0.09774 -1.30280
   0.29239  0.09711 -1.32663
   0.28026  0.09634 -1.34836
   0.26817  0.09543 -1.37016
   0.25613  0.09438 -1.39150
   0.24415  0.09318 -1.41158
   0.23223  0.09183 -1.43195
   0.22037  0.09034 -1.45146
   0.20859  0.08869 -1.47003
   0.19690  0.08688 -1.48907
   0.18529  0.08492 -1.50692
   0.17380  0.08280 -1.52555
   0.16241  0.08052 -1.54294
   0.15117  0.07809 -1.56129
   0.14008  0.07550 -1.57917
   0.12919  0.07276 -1.59791
   0.11851  0.06987 -1.61618
   0.10810  0.06684 -1.63663
   0.09802  0.06369 -1.65722
   0.08834  0.06045 -1.67940
   0.07913  0.05715 -1.70327
   0.07047  0.05382 -1.72806
   0.06243  0.05052 -1.75591
   0.05507  0.04728 -1.78431
   0.04840  0.04415 -1.81520
   0.04242  0.04115 -1.84668
   0.03709  0.03830 -1.87992
   0.03236  0.03559 -1.91274
   0.02817  0.03304 -1.94775
   0.02445  0.03062 -1.98127
   0.02114  0.02833 -2.01323
   0.01820  0.02615 -2.04654
   0.01558  0.02407 -2.07650
   0.01325  0.02207 -2.10419
   0.01116  0.02015 -2.12697
   0.00929  0.01829 -2.14338
   0.00763  0.01648 -2.15575
   0.00616  0.01473 -2.15205
   0.00486  0.01301 -2.13761
   0.00372  0.01132 -2.10481
   0.00274  0.00966 -2.04862
   0.00191  0.00803 -1.96051
   0.00124  0.00642 -1.84382
   0.00071  0.00484 -1.68570
   0.00033  0.00329 -1.48624
   0.00010  0.00176 -1.25554
   0.00000  0.00028 -0.99383
   0.00004 -0.00117 -0.71995
   0.00023 -0.00266 -0.42572
   0.00059 -0.00416 -0.12081
   0.00112 -0.00565  0.17033
   0.00183 -0.00712  0.43048
   0.00273 -0.00855  0.64101
   0.00381 -0.00994  0.79721
   0.00507 -0.01128  0.90332
   0.00650 -0.01257  0.96609
   0.00810 -0.01381  0.99480
   0.00989 -0.01499  0.99918
   0.01186 -0.01613  0.98622
   0.01402 -0.01724  0.96136
   0.01639 -0.01830  0.92934
   0.01900 -0.01933  0.89202
   0.02187 -0.02034  0.85255
   0.02503 -0.02131  0.81142
   0.02853 -0.02226  0.77028
   0.03242 -0.02319  0.72922
   0.03676 -0.02408  0.68905
   0.04162 -0.02495  0.65057
   0.04709 -0.02578  0.61268
   0.05326 -0.02657  0.57699
   0.06020 -0.02729  0.54375
   0.06796 -0.02794  0.51232
   0.07659 -0.02850  0.48389
   0.08606 -0.02894  0.45853
   0.09630 -0.02925  0.43622
   0.10723 -0.02943  0.41680
   0.11871 -0.02948  0.40032
   0.13065 -0.02941  0.38647
   0.14295 -0.02923  0.37490
   0.15553 -0.02894  0.36498
   0.16833 -0.02857  0.35710
   0.18132 -0.02812  0.35025
   0.19445 -0.02761  0.34459
   0.20771 -0.02704  0.33990
   0.22107 -0.02644  0.33595
   0.23453 -0.02580  0.33247
   0.24806 -0.02513  0.32946
   0.26165 -0.02445  0.32698
   0.27528 -0.02376  0.32459
   0.28893 -0.02307  0.32246
   0.30256 -0.02239  0.32016
   0.31617 -0.02172  0.31819
   0.32975 -0.02106  0.31603
   0.34329 -0.02042  0.31360
   0.35682 -0.01980  0.31097
   0.37032 -0.01922  0.30798
   0.38382 -0.01866  0.30431
   0.39733 -0.01813  0.29826
   0.41090 -0.01762  0.29101
   0.42451 -0.01709  0.28710
   0.43815 -0.01656  0.28336
   0.45181 -0.01601  0.28090
   0.46550 -0.01546  0.27816
   0.47920 -0.01490  0.27649
   0.49291 -0.01434  0.27422
   0.50663 -0.01378  0.27284
   0.52034 -0.01322  0.27158
   0.53404 -0.01267  0.26992
   0.54774 -0.01211  0.26875
   0.56142 -0.01157  0.26748
   0.57509 -0.01103  0.26651
   0.58875 -0.01051  0.26541
   0.60240 -0.00999  0.26442
   0.61604 -0.00948  0.26329
   0.62967 -0.00899  0.26232
   0.64330 -0.00850  0.26137
   0.65692 -0.00803  0.26044
   0.67053 -0.00758  0.25923
   0.68414 -0.00713  0.25857
   0.69774 -0.00671  0.25722
   0.71134 -0.00630  0.25638
   0.72494 -0.00590  0.25556
   0.73854 -0.00552  0.25419
   0.75213 -0.00516  0.25332
   0.76572 -0.00481  0.25230
   0.77931 -0.00448  0.25096
   0.79290 -0.00417  0.25056
   0.80649 -0.00387  0.24928
   0.82009 -0.00359  0.24853
   0.83368 -0.00332  0.24757
   0.84727 -0.00307  0.24720
   0.86085 -0.00284  0.24629
   0.87443 -0.00262  0.24655
   0.88799 -0.00242  0.24620
   0.90151 -0.00223  0.24667
   0.91495 -0.00206  0.24802
   0.92825 -0.00191  0.24990
   0.94129 -0.00176  0.25289
   0.95390 -0.00164  0.25800
   0.96581 -0.00153  0.26446
   0.97676 -0.00144  0.27726
   0.98653 -0.00136  0.29447
   0.99502 -0.00130  0.32741
   1.00000 -0.00126  0.43239
