NACA 4412                                       
 Alfa =  -2.00000 Re =        0.000 Xflap,Yflap =     0.000000    0.000000
#    x        y        Cp  
   1.00000  0.00126  0.41606
   0.99521  0.00257  0.25137
   0.98708  0.00476  0.18347
   0.97781  0.00723  0.12921
   0.96749  0.00995  0.08651
   0.95630  0.01284  0.04877
   0.94450  0.01585  0.01604
   0.93229  0.01890 -0.01382
   0.91982  0.02196 -0.04097
   0.90720  0.02499 -0.06609
   0.89449  0.02799 -0.08831
   0.88172  0.03094 -0.11017
   0.86892  0.03385 -0.12997
   0.85608  0.03670 -0.14866
   0.84323  0.03949 -0.16632
   0.83036  0.04223 -0.18408
   0.81747  0.04491 -0.19945
   0.80457  0.04754 -0.21563
   0.79166  0.05011 -0.23035
   0.77874  0.05262 -0.24500
   0.76582  0.05507 -0.25881
   0.75288  0.05747 -0.27241
   0.73993  0.05981 -0.28562
   0.72698  0.06208 -0.29830
   0.71402  0.06431 -0.31088
   0.70105  0.06647 -0.32288
   0.68808  0.06857 -0.33481
   0.67511  0.07061 -0.34614
   0.66213  0.07259 -0.35797
   0.64915  0.07450 -0.36881
   0.63617  0.07636 -0.37973
   0.62318  0.07815 -0.39069
   0.61020  0.07988 -0.40148
   0.59722  0.08154 -0.41142
   0.58423  0.08314 -0.42172
   0.57125  0.08467 -0.43227
   0.55828  0.08613 -0.44195
   0.54530  0.08752 -0.45180
   0.53234  0.08884 -0.46186
   0.51938  0.09009 -0.47140
   0.50642  0.09127 -0.48143
   0.49348  0.09238 -0.49063
   0.48055  0.09340 -0.50060
   0.46763  0.09436 -0.51022
   0.45473  0.09523 -0.52045
   0.44185  0.09602 -0.53052
   0.42901  0.09673 -0.54149
   0.41622  0.09736 -0.55288
   0.40351  0.09790 -0.56746
   0.39093  0.09833 -0.58664
   0.37844  0.09864 -0.59687
   0.36603  0.09882 -0.60577
   0.35366  0.09887 -0.61213
   0.34133  0.09879 -0.61710
   0.32904  0.09857 -0.61966
   0.31679  0.09822 -0.62166
   0.30457  0.09774 -0.62117
   0.29239  0.09711 -0.62050
   0.28026  0.09634 -0.61697
   0.26817  0.09543 -0.61272
   0.25613  0.09438 -0.60676
   0.24415  0.09318 -0.59856
   0.23223  0.09183 -0.58969
   0.22037  0.09034 -0.57860
   0.20859  0.08869 -0.56518
   0.19690  0.08688 -0.55064
   0.18529  0.08492 -0.53332
   0.17380  0.08280 -0.51457
   0.16241  0.08052 -0.49286
   0.15117  0.07809 -0.46929
   0.14008  0.07550 -0.44272
   0.12919  0.07276 -0.41385
   0.11851  0.06987 -0.38132
   0.10810  0.06684 -0.34674
   0.09802  0.06369 -0.30838
   0.08834  0.06045 -0.26695
   0.07913  0.05715 -0.22254
   0.07047  0.05382 -0.17455
   0.06243  0.05052 -0.12467
   0.05507  0.04728 -0.07170
   0.04840  0.04415 -0.01735
   0.04242  0.04115  0.03910
   0.03709  0.03830  0.09632
   0.03236  0.03559  0.15528
   0.02817  0.03304  0.21429
   0.02445  0.03062  0.27495
   0.02114  0.02833  0.33710
   0.01820  0.02615  0.39916
   0.01558  0.02407  0.46284
   0.01325  0.02207  0.52734
   0.01116  0.02015  0.59276
   0.00929  0.01829  0.65881
   0.00763  0.01648  0.72336
   0.00616  0.01473  0.78779
   0.00486  0.01301  0.84855
   0.00372  0.01132  0.90367
   0.00274  0.00966  0.95017
   0.00191  0.00803  0.98403
   0.00124  0.00642  0.99952
   0.00071  0.00484  0.99154
   0.00033  0.00329  0.95438
   0.00010  0.00176  0.88495
   0.00000  0.00028  0.78124
   0.00004 -0.00117  0.64198
   0.00023 -0.00266  0.46401
   0.00059 -0.00416  0.25280
   0.00112 -0.00565  0.02718
   0.00183 -0.00712 -0.19807
   0.00273 -0.00855 -0.40117
   0.00381 -0.00994 -0.57067
   0.00507 -0.01128 -0.70536
   0.00650 -0.01257 -0.80522
   0.00810 -0.01381 -0.86996
   0.00989 -0.01499 -0.91223
   0.01186 -0.01613 -0.93384
   0.01402 -0.01724 -0.94166
   0.01639 -0.01830 -0.93445
   0.01900 -0.01933 -0.92177
   0.02187 -0.02034 -0.90028
   0.02503 -0.02131 -0.87477
   0.02853 -0.02226 -0.84457
   0.03242 -0.02319 -0.81208
   0.03676 -0.02408 -0.77678
   0.04162 -0.02495 -0.73851
   0.04709 -0.02578 -0.70037
   0.05326 -0.02657 -0.66001
   0.06020 -0.02729 -0.61824
   0.06796 -0.02794 -0.57711
   0.07659 -0.02850 -0.53570
   0.08606 -0.02894 -0.49483
   0.09630 -0.02925 -0.45533
   0.10723 -0.02943 -0.41784
   0.11871 -0.02948 -0.38226
   0.13065 -0.02941 -0.34887
   0.14295 -0.02923 -0.31766
   0.15553 -0.02894 -0.28881
   0.16833 -0.02857 -0.26165
   0.18132 -0.02812 -0.23663
   0.19445 -0.02761 -0.21327
   0.20771 -0.02704 -0.19142
   0.22107 -0.02644 -0.17118
   0.23453 -0.02580 -0.15227
   0.24806 -0.02513 -0.13486
   0.26165 -0.02445 -0.11825
   0.27528 -0.02376 -0.10319
   0.28893 -0.02307 -0.08904
   0.30256 -0.02239 -0.07637
   0.31617 -0.02172 -0.06451
   0.32975 -0.02106 -0.05391
   0.34329 -0.02042 -0.04422
   0.35682 -0.01980 -0.03601
   0.37032 -0.01922 -0.02872
   0.38382 -0.01866 -0.02328
   0.39733 -0.01813 -0.02099
   0.41090 -0.01762 -0.02160
   0.42451 -0.01709 -0.01736
   0.43815 -0.01656 -0.01304
   0.45181 -0.01601 -0.00757
   0.46550 -0.01546 -0.00220
   0.47920 -0.01490  0.00360
   0.49291 -0.01434  0.00902
   0.50663 -0.01378  0.01484
   0.52034 -0.01322  0.02064
   0.53404 -0.01267  0.02596
   0.54774 -0.01211  0.03173
   0.56142 -0.01157  0.03680
   0.57509 -0.01103  0.04230
   0.58875 -0.01051  0.04730
   0.60240 -0.00999  0.05253
   0.61604 -0.00948  0.05728
   0.62967 -0.00899  0.06226
   0.64330 -0.00850  0.06675
   0.65692 -0.00803  0.07156
   0.67053 -0.00758  0.07585
   0.68414 -0.00713  0.08044
   0.69774 -0.00671  0.08458
   0.71134 -0.00630  0.08888
   0.72494 -0.00590  0.09324
   0.73854 -0.00552  0.09722
   0.75213 -0.00516  0.10112
   0.76572 -0.00481  0.10535
   0.77931 -0.00448  0.10932
   0.79290 -0.00417  0.11343
   0.80649 -0.00387  0.11763
   0.82009 -0.00359  0.12201
   0.83368 -0.00332  0.12623
   0.84727 -0.00307  0.13069
   0.86085 -0.00284  0.13570
   0.87443 -0.00262  0.14087
   0.88799 -0.00242  0.14653
   0.90151 -0.00223  0.15261
   0.91495 -0.00206  0.16006
   0.92825 -0.00191  0.16817
   0.94129 -0.00176  0.17773
   0.95390 -0.00164  0.18990
   0.96581 -0.00153  0.20372
   0.97676 -0.00144  0.22444
   0.98653 -0.00136  0.25045
   0.99502 -0.00130  0.29263
   1.00000 -0.00126  0.41606
