NACA 4412                                       
 Alfa =   3.00000 Re =        0.000 Xflap,Yflap =     0.000000    0.000000
#    x        y        Cp  
   1.00000  0.00126  0.42366
   0.99521  0.00257  0.25286
   0.98708  0.00476  0.17971
   0.97781  0.00723  0.12051
   0.96749  0.00995  0.07223
   0.95630  0.01284  0.02936
   0.94450  0.01585 -0.00867
   0.93229  0.01890 -0.04440
   0.91982  0.02196 -0.07636
   0.90720  0.02499 -0.10710
   0.89449  0.02799 -0.13465
   0.88172  0.03094 -0.16175
   0.86892  0.03385 -0.18671
   0.85608  0.03670 -0.21049
   0.84323  0.03949 -0.23358
   0.83036  0.04223 -0.25679
   0.81747  0.04491 -0.27719
   0.80457  0.04754 -0.29887
   0.79166  0.05011 -0.31887
   0.77874  0.05262 -0.33924
   0.76582  0.05507 -0.35810
   0.75288  0.05747 -0.37754
   0.73993  0.05981 -0.39626
   0.72698  0.06208 -0.41468
   0.71402  0.06431 -0.43300
   0.70105  0.06647 -0.45104
   0.68808  0.06857 -0.46891
   0.67511  0.07061 -0.48620
   0.66213  0.07259 -0.50444
   0.64915  0.07450 -0.52146
   0.63617  0.07636 -0.53896
   0.62318  0.07815 -0.55655
   0.61020  0.07988 -0.57409
   0.59722  0.08154 -0.59092
   0.58423  0.08314 -0.60820
   0.57125  0.08467 -0.62615
   0.55828  0.08613 -0.64341
   0.54530  0.08752 -0.66084
   0.53234  0.08884 -0.67893
   0.51938  0.09009 -0.69645
   0.50642  0.09127 -0.71511
   0.49348  0.09238 -0.73288
   0.48055  0.09340 -0.75192
   0.46763  0.09436 -0.77090
   0.45473  0.09523 -0.79090
   0.44185  0.09602 -0.81127
   0.42901  0.09673 -0.83274
   0.41622  0.09736 -0.85553
   0.40351  0.09790 -0.88259
   0.39093  0.09833 -0.91546
   0.37844  0.09864 -0.93830
   0.36603  0.09882 -0.95986
   0.35366  0.09887 -0.97918
   0.34133  0.09879 -0.99733
   0.32904  0.09857 -1.01309
   0.31679  0.09822 -1.02880
   0.30457  0.09774 -1.04240
   0.29239  0.09711 -1.05615
   0.28026  0.09634 -1.06743
   0.26817  0.09543 -1.07842
   0.25613  0.09438 -1.08837
   0.24415  0.09318 -1.09659
   0.23223  0.09183 -1.10464
   0.22037  0.09034 -1.11118
   0.20859  0.08869 -1.11610
   0.19690  0.08688 -1.12075
   0.18529  0.08492 -1.12341
   0.17380  0.08280 -1.12581
   0.16241  0.08052 -1.12608
   0.15117  0.07809 -1.12594
   0.14008  0.07550 -1.12405
   0.12919  0.07276 -1.12144
   0.11851  0.06987 -1.11670
   0.10810  0.06684 -1.11200
   0.09802  0.06369 -1.10533
   0.08834  0.06045 -1.09775
   0.07913  0.05715 -1.08927
   0.07047  0.05382 -1.07908
   0.06243  0.05052 -1.06905
   0.05507  0.04728 -1.05709
   0.04840  0.04415 -1.04500
   0.04242  0.04115 -1.03126
   0.03709  0.03830 -1.01705
   0.03236  0.03559 -1.00055
   0.02817  0.03304 -0.98394
   0.02445  0.03062 -0.96418
   0.02114  0.02833 -0.94112
   0.01820  0.02615 -0.91698
   0.01558  0.02407 -0.88797
   0.01325  0.02207 -0.85474
   0.01116  0.02015 -0.81541
   0.00929  0.01829 -0.76877
   0.00763  0.01648 -0.71680
   0.00616  0.01473 -0.65137
   0.00486  0.01301 -0.57658
   0.00372  0.01132 -0.48883
   0.00274  0.00966 -0.38621
   0.00191  0.00803 -0.26572
   0.00124  0.00642 -0.13269
   0.00071  0.00484  0.01652
   0.00033  0.00329  0.17712
   0.00010  0.00176  0.33909
   0.00000  0.00028  0.49819
   0.00004 -0.00117  0.64444
   0.00023 -0.00266  0.77680
   0.00059 -0.00416  0.88580
   0.00112 -0.00565  0.96019
   0.00183 -0.00712  0.99628
   0.00273 -0.00855  0.99511
   0.00381 -0.00994  0.96417
   0.00507 -0.01128  0.91217
   0.00650 -0.01257  0.84795
   0.00810 -0.01381  0.77997
   0.00989 -0.01499  0.71063
   0.01186 -0.01613  0.64423
   0.01402 -0.01724  0.58126
   0.01639 -0.01830  0.52459
   0.01900 -0.01933  0.47133
   0.02187 -0.02034  0.42413
   0.02503 -0.02131  0.38088
   0.02853 -0.02226  0.34247
   0.03242 -0.02319  0.30763
   0.03676 -0.02408  0.27670
   0.04162 -0.02495  0.25001
   0.04709 -0.02578  0.22542
   0.05326 -0.02657  0.20468
   0.06020 -0.02729  0.18752
   0.06796 -0.02794  0.17266
   0.07659 -0.02850  0.16111
   0.08606 -0.02894  0.15252
   0.09630 -0.02925  0.14647
   0.10723 -0.02943  0.14249
   0.11871 -0.02948  0.14053
   0.13065 -0.02941  0.14017
   0.14295 -0.02923  0.14106
   0.15553 -0.02894  0.14262
   0.16833 -0.02857  0.14527
   0.18132 -0.02812  0.14812
   0.19445 -0.02761  0.15139
   0.20771 -0.02704  0.15495
   0.22107 -0.02644  0.15859
   0.23453 -0.02580  0.16219
   0.24806 -0.02513  0.16568
   0.26165 -0.02445  0.16932
   0.27528 -0.02376  0.17255
   0.28893 -0.02307  0.17570
   0.30256 -0.02239  0.17827
   0.31617 -0.02172  0.18082
   0.32975 -0.02106  0.18284
   0.34329 -0.02042  0.18440
   0.35682 -0.01980  0.18533
   0.37032 -0.01922  0.18573
   0.38382 -0.01866  0.18507
   0.39733 -0.01813  0.18174
   0.41090 -0.01762  0.17664
   0.42451 -0.01709  0.17544
   0.43815 -0.01656  0.17438
   0.45181 -0.01601  0.17459
   0.46550 -0.01546  0.17459
   0.47920 -0.01490  0.17545
   0.49291 -0.01434  0.17579
   0.50663 -0.01378  0.17687
   0.52034 -0.01322  0.17802
   0.53404 -0.01267  0.17875
   0.54774 -0.01211  0.17998
   0.56142 -0.01157  0.18089
   0.57509 -0.01103  0.18215
   0.58875 -0.01051  0.18316
   0.60240 -0.00999  0.18434
   0.61604 -0.00948  0.18526
   0.62967 -0.00899  0.18636
   0.64330 -0.00850  0.18730
   0.65692 -0.00803  0.18839
   0.67053 -0.00758  0.18910
   0.68414 -0.00713  0.19029
   0.69774 -0.00671  0.19087
   0.71134 -0.00630  0.19184
   0.72494 -0.00590  0.19285
   0.73854 -0.00552  0.19337
   0.75213 -0.00516  0.19419
   0.76572 -0.00481  0.19504
   0.77931 -0.00448  0.19559
   0.79290 -0.00417  0.19680
   0.80649 -0.00387  0.19747
   0.82009 -0.00359  0.19856
   0.83368 -0.00332  0.19945
   0.84727 -0.00307  0.20082
   0.86085 -0.00284  0.20204
   0.87443 -0.00262  0.20408
   0.88799 -0.00242  0.20591
   0.90151 -0.00223  0.20842
   0.91495 -0.00206  0.21199
   0.92825 -0.00191  0.21615
   0.94129 -0.00176  0.22156
   0.95390 -0.00164  0.22928
   0.96581 -0.00153  0.23848
   0.97676 -0.00144  0.25426
   0.98653 -0.00136  0.27480
   0.99502 -0.00130  0.31132
   1.00000 -0.00126  0.42366
