NACA 4412                                       
 Alfa =   9.00000 Re =        0.000 Xflap,Yflap =     0.000000    0.000000
#    x        y        Cp  
   1.00000  0.00126  0.44414
   0.99521  0.00257  0.26955
   0.98708  0.00476  0.19163
   0.97781  0.00723  0.12771
   0.96749  0.00995  0.07366
   0.95630  0.01284  0.02546
   0.94450  0.01585 -0.01826
   0.93229  0.01890 -0.06043
   0.91982  0.02196 -0.09765
   0.90720  0.02499 -0.13469
   0.89449  0.02799 -0.16827
   0.88172  0.03094 -0.20132
   0.86892  0.03385 -0.23218
   0.85608  0.03670 -0.26185
   0.84323  0.03949 -0.29127
   0.83036  0.04223 -0.32084
   0.81747  0.04491 -0.34716
   0.80457  0.04754 -0.37537
   0.79166  0.05011 -0.40165
   0.77874  0.05262 -0.42889
   0.76582  0.05507 -0.45379
   0.75288  0.05747 -0.48031
   0.73993  0.05981 -0.50572
   0.72698  0.06208 -0.53115
   0.71402  0.06431 -0.55648
   0.70105  0.06647 -0.58198
   0.68808  0.06857 -0.60719
   0.67511  0.07061 -0.63189
   0.66213  0.07259 -0.65813
   0.64915  0.07450 -0.68289
   0.63617  0.07636 -0.70868
   0.62318  0.07815 -0.73462
   0.61020  0.07988 -0.76074
   0.59722  0.08154 -0.78635
   0.58423  0.08314 -0.81256
   0.57125  0.08467 -0.83998
   0.55828  0.08613 -0.86705
   0.54530  0.08752 -0.89430
   0.53234  0.08884 -0.92283
   0.51938  0.09009 -0.95075
   0.50642  0.09127 -0.98074
   0.49348  0.09238 -1.00981
   0.48055  0.09340 -1.04083
   0.46763  0.09436 -1.07225
   0.45473  0.09523 -1.10527
   0.44185  0.09602 -1.13943
   0.42901  0.09673 -1.17498
   0.41622  0.09736 -1.21314
   0.40351  0.09790 -1.25700
   0.39093  0.09833 -1.30820
   0.37844  0.09864 -1.34834
   0.36603  0.09882 -1.38737
   0.35366  0.09887 -1.42480
   0.34133  0.09879 -1.46153
   0.32904  0.09857 -1.49608
   0.31679  0.09822 -1.53145
   0.30457  0.09774 -1.56549
   0.29239  0.09711 -1.60032
   0.28026  0.09634 -1.63353
   0.26817  0.09543 -1.66726
   0.25613  0.09438 -1.70121
   0.24415  0.09318 -1.73452
   0.23223  0.09183 -1.76867
   0.22037  0.09034 -1.80278
   0.20859  0.08869 -1.83678
   0.19690  0.08688 -1.87219
   0.18529  0.08492 -1.90742
   0.17380  0.08280 -1.94473
   0.16241  0.08052 -1.98199
   0.15117  0.07809 -2.02188
   0.14008  0.07550 -2.06300
   0.12919  0.07276 -2.10701
   0.11851  0.06987 -2.15276
   0.10810  0.06684 -2.20346
   0.09802  0.06369 -2.25714
   0.08834  0.06045 -2.31577
   0.07913  0.05715 -2.37966
   0.07047  0.05382 -2.44823
   0.06243  0.05052 -2.52395
   0.05507  0.04728 -2.60400
   0.04840  0.04415 -2.69053
   0.04242  0.04115 -2.78137
   0.03709  0.03830 -2.87769
   0.03236  0.03559 -2.97708
   0.02817  0.03304 -3.08271
   0.02445  0.03062 -3.19040
   0.02114  0.02833 -3.30036
   0.01820  0.02615 -3.41644
   0.01558  0.02407 -3.53328
   0.01325  0.02207 -3.65275
   0.01116  0.02015 -3.77173
   0.00929  0.01829 -3.88898
   0.00763  0.01648 -4.00752
   0.00616  0.01473 -4.11157
   0.00486  0.01301 -4.20837
   0.00372  0.01132 -4.28581
   0.00274  0.00966 -4.33563
   0.00191  0.00803 -4.34290
   0.00124  0.00642 -4.30759
   0.00071  0.00484 -4.20488
   0.00033  0.00329 -4.02707
   0.00010  0.00176 -3.78125
   0.00000  0.00028 -3.45973
   0.00004 -0.00117 -3.09276
   0.00023 -0.00266 -2.65710
   0.00059 -0.00416 -2.15609
   0.00112 -0.00565 -1.62346
   0.00183 -0.00712 -1.09171
   0.00273 -0.00855 -0.60425
   0.00381 -0.00994 -0.18523
   0.00507 -0.01128  0.15841
   0.00650 -0.01257  0.42587
   0.00810 -0.01381  0.62411
   0.00989 -0.01499  0.76885
   0.01186 -0.01613  0.86897
   0.01402 -0.01724  0.93523
   0.01639 -0.01830  0.97485
   0.01900 -0.01933  0.99499
   0.02187 -0.02034  0.99993
   0.02503 -0.02131  0.99352
   0.02853 -0.02226  0.97857
   0.03242 -0.02319  0.95706
   0.03676 -0.02408  0.93069
   0.04162 -0.02495  0.90102
   0.04709 -0.02578  0.86831
   0.05326 -0.02657  0.83419
   0.06020 -0.02729  0.79957
   0.06796 -0.02794  0.76460
   0.07659 -0.02850  0.73070
   0.08606 -0.02894  0.69850
   0.09630 -0.02925  0.66848
   0.10723 -0.02943  0.64091
   0.11871 -0.02948  0.61611
   0.13065 -0.02941  0.59404
   0.14295 -0.02923  0.57450
   0.15553 -0.02894  0.55695
   0.16833 -0.02857  0.54180
   0.18132 -0.02812  0.52809
   0.19445 -0.02761  0.51597
   0.20771 -0.02704  0.50517
   0.22107 -0.02644  0.49551
   0.23453 -0.02580  0.48664
   0.24806 -0.02513  0.47861
   0.26165 -0.02445  0.47133
   0.27528 -0.02376  0.46450
   0.28893 -0.02307  0.45817
   0.30256 -0.02239  0.45197
   0.31617 -0.02172  0.44634
   0.32975 -0.02106  0.44078
   0.34329 -0.02042  0.43509
   0.35682 -0.01980  0.42953
   0.37032 -0.01922  0.42375
   0.38382 -0.01866  0.41762
   0.39733 -0.01813  0.40937
   0.41090 -0.01762  0.40042
   0.42451 -0.01709  0.39425
   0.43815 -0.01656  0.38826
   0.45181 -0.01601  0.38354
   0.46550 -0.01546  0.37847
   0.47920 -0.01490  0.37463
   0.49291 -0.01434  0.37011
   0.50663 -0.01378  0.36659
   0.52034 -0.01322  0.36322
   0.53404 -0.01267  0.35947
   0.54774 -0.01211  0.35621
   0.56142 -0.01157  0.35301
   0.57509 -0.01103  0.35006
   0.58875 -0.01051  0.34708
   0.60240 -0.00999  0.34418
   0.61604 -0.00948  0.34123
   0.62967 -0.00899  0.33840
   0.64330 -0.00850  0.33574
   0.65692 -0.00803  0.33301
   0.67053 -0.00758  0.33005
   0.68414 -0.00713  0.32772
   0.69774 -0.00671  0.32462
   0.71134 -0.00630  0.32214
   0.72494 -0.00590  0.31964
   0.73854 -0.00552  0.31654
   0.75213 -0.00516  0.31412
   0.76572 -0.00481  0.31139
   0.77931 -0.00448  0.30832
   0.79290 -0.00417  0.30642
   0.80649 -0.00387  0.30333
   0.82009 -0.00359  0.30087
   0.83368 -0.00332  0.29818
   0.84727 -0.00307  0.29619
   0.86085 -0.00284  0.29328
   0.87443 -0.00262  0.29186
   0.88799 -0.00242  0.28946
   0.90151 -0.00223  0.28799
   0.91495 -0.00206  0.28723
   0.92825 -0.00191  0.28691
   0.94129 -0.00176  0.28759
   0.95390 -0.00164  0.29015
   0.96581 -0.00153  0.29395
   0.97676 -0.00144  0.30380
   0.98653 -0.00136  0.31768
   0.99502 -0.00130  0.34695
   1.00000 -0.00126  0.44414
