NACA 4412                                       
 Alfa =   5.00000 Re =        0.000 Xflap,Yflap =     0.000000    0.000000
#    x        y        Cp  
   1.00000  0.00126  0.42914
   0.99521  0.00257  0.25664
   0.98708  0.00476  0.18170
   0.97781  0.00723  0.12078
   0.96749  0.00995  0.07044
   0.95630  0.01284  0.02569
   0.94450  0.01585 -0.01433
   0.93229  0.01890 -0.05229
   0.91982  0.02196 -0.08608
   0.90720  0.02499 -0.11899
   0.89449  0.02799 -0.14860
   0.88172  0.03094 -0.17774
   0.86892  0.03385 -0.20471
   0.85608  0.03670 -0.23050
   0.84323  0.03949 -0.25573
   0.83036  0.04223 -0.28109
   0.81747  0.04491 -0.30349
   0.80457  0.04754 -0.32737
   0.79166  0.05011 -0.34948
   0.77874  0.05262 -0.37215
   0.76582  0.05507 -0.39304
   0.75288  0.05747 -0.41484
   0.73993  0.05981 -0.43580
   0.72698  0.06208 -0.45655
   0.71402  0.06431 -0.47720
   0.70105  0.06647 -0.49772
   0.68808  0.06857 -0.51802
   0.67511  0.07061 -0.53777
   0.66213  0.07259 -0.55866
   0.64915  0.07450 -0.57823
   0.63617  0.07636 -0.59847
   0.62318  0.07815 -0.61880
   0.61020  0.07988 -0.63916
   0.59722  0.08154 -0.65887
   0.58423  0.08314 -0.67908
   0.57125  0.08467 -0.70013
   0.55828  0.08613 -0.72059
   0.54530  0.08752 -0.74123
   0.53234  0.08884 -0.76272
   0.51938  0.09009 -0.78362
   0.50642  0.09127 -0.80596
   0.49348  0.09238 -0.82740
   0.48055  0.09340 -0.85032
   0.46763  0.09436 -0.87332
   0.45473  0.09523 -0.89753
   0.44185  0.09602 -0.92235
   0.42901  0.09673 -0.94836
   0.41622  0.09736 -0.97610
   0.40351  0.09790 -1.00857
   0.39093  0.09833 -1.04734
   0.37844  0.09864 -1.07572
   0.36603  0.09882 -1.10286
   0.35366  0.09887 -1.12794
   0.34133  0.09879 -1.15198
   0.32904  0.09857 -1.17368
   0.31679  0.09822 -1.19559
   0.30457  0.09774 -1.21561
   0.29239  0.09711 -1.23597
   0.28026  0.09634 -1.25409
   0.26817  0.09543 -1.27216
   0.25613  0.09438 -1.28956
   0.24415  0.09318 -1.30553
   0.23223  0.09183 -1.32162
   0.22037  0.09034 -1.33662
   0.20859  0.08869 -1.35044
   0.19690  0.08688 -1.36445
   0.18529  0.08492 -1.37698
   0.17380  0.08280 -1.38992
   0.16241  0.08052 -1.40129
   0.15117  0.07809 -1.41312
   0.14008  0.07550 -1.42402
   0.12919  0.07276 -1.43520
   0.11851  0.06987 -1.44528
   0.10810  0.06684 -1.45677
   0.09802  0.06369 -1.46761
   0.08834  0.06045 -1.47911
   0.07913  0.05715 -1.49132
   0.07047  0.05382 -1.50346
   0.06243  0.05052 -1.51755
   0.05507  0.04728 -1.53122
   0.04840  0.04415 -1.54634
   0.04242  0.04115 -1.56116
   0.03709  0.03830 -1.57681
   0.03236  0.03559 -1.59124
   0.02817  0.03304 -1.60690
   0.02445  0.03062 -1.62031
   0.02114  0.02833 -1.63134
   0.01820  0.02615 -1.64264
   0.01558  0.02407 -1.64982
   0.01325  0.02207 -1.65373
   0.01116  0.02015 -1.65197
   0.00929  0.01829 -1.64312
   0.00763  0.01648 -1.62936
   0.00616  0.01473 -1.59992
   0.00486  0.01301 -1.55967
   0.00372  0.01132 -1.50237
   0.00274  0.00966 -1.42404
   0.00191  0.00803 -1.31811
   0.00124  0.00642 -1.18872
   0.00071  0.00484 -1.02641
   0.00033  0.00329 -0.83319
   0.00010  0.00176 -0.61947
   0.00000  0.00028 -0.38725
   0.00004 -0.00117 -0.15214
   0.00023 -0.00266  0.09032
   0.00059 -0.00416  0.32980
   0.00112 -0.00565  0.54582
   0.00183 -0.00712  0.72587
   0.00273 -0.00855  0.85846
   0.00381 -0.00994  0.94375
   0.00507 -0.01128  0.98822
   0.00650 -0.01257  0.99995
   0.00810 -0.01381  0.98826
   0.00989 -0.01499  0.96061
   0.01186 -0.01613  0.92317
   0.01402 -0.01724  0.87968
   0.01639 -0.01830  0.83420
   0.01900 -0.01933  0.78694
   0.02187 -0.02034  0.74080
   0.02503 -0.02131  0.69534
   0.02853 -0.02226  0.65189
   0.03242 -0.02319  0.61003
   0.03676 -0.02408  0.57038
   0.04162 -0.02495  0.53354
   0.04709 -0.02578  0.49804
   0.05326 -0.02657  0.46550
   0.06020 -0.02729  0.43599
   0.06796 -0.02794  0.40865
   0.07659 -0.02850  0.38458
   0.08606 -0.02894  0.36372
   0.09630 -0.02925  0.34588
   0.10723 -0.02943  0.33080
   0.11871 -0.02948  0.31848
   0.13065 -0.02941  0.30855
   0.14295 -0.02923  0.30064
   0.15553 -0.02894  0.29413
   0.16833 -0.02857  0.28940
   0.18132 -0.02812  0.28547
   0.19445 -0.02761  0.28252
   0.20771 -0.02704  0.28034
   0.22107 -0.02644  0.27871
   0.23453 -0.02580  0.27741
   0.24806 -0.02513  0.27641
   0.26165 -0.02445  0.27582
   0.27528 -0.02376  0.27518
   0.28893 -0.02307  0.27469
   0.30256 -0.02239  0.27391
   0.31617 -0.02172  0.27336
   0.32975 -0.02106  0.27250
   0.34329 -0.02042  0.27132
   0.35682 -0.01980  0.26981
   0.37032 -0.01922  0.26788
   0.38382 -0.01866  0.26516
   0.39733 -0.01813  0.25996
   0.41090 -0.01762  0.25338
   0.42451 -0.01709  0.25032
   0.43815 -0.01656  0.24743
   0.45181 -0.01601  0.24582
   0.46550 -0.01546  0.24394
   0.47920 -0.01490  0.24308
   0.49291 -0.01434  0.24164
   0.50663 -0.01378  0.24104
   0.52034 -0.01322  0.24055
   0.53404 -0.01267  0.23966
   0.54774 -0.01211  0.23926
   0.56142 -0.01157  0.23869
   0.57509 -0.01103  0.23843
   0.58875 -0.01051  0.23801
   0.60240 -0.00999  0.23772
   0.61604 -0.00948  0.23725
   0.62967 -0.00899  0.23695
   0.64330 -0.00850  0.23660
   0.65692 -0.00803  0.23633
   0.67053 -0.00758  0.23574
   0.68414 -0.00713  0.23567
   0.69774 -0.00671  0.23495
   0.71134 -0.00630  0.23470
   0.72494 -0.00590  0.23447
   0.73854 -0.00552  0.23371
   0.75213 -0.00516  0.23339
   0.76572 -0.00481  0.23298
   0.77931 -0.00448  0.23226
   0.79290 -0.00417  0.23238
   0.80649 -0.00387  0.23173
   0.82009 -0.00359  0.23158
   0.83368 -0.00332  0.23122
   0.84727 -0.00307  0.23143
   0.86085 -0.00284  0.23121
   0.87443 -0.00262  0.23205
   0.88799 -0.00242  0.23242
   0.90151 -0.00223  0.23355
   0.91495 -0.00206  0.23564
   0.92825 -0.00191  0.23827
   0.94129 -0.00176  0.24206
   0.95390 -0.00164  0.24803
   0.96581 -0.00153  0.25540
   0.97676 -0.00144  0.26919
   0.98653 -0.00136  0.28751
   0.99502 -0.00130  0.32166
   1.00000 -0.00126  0.42914
