NACA 4412                                       
 Alfa =   1.00000 Re =        0.000 Xflap,Yflap =     0.000000    0.000000
#    x        y        Cp  
   1.00000  0.00126  0.41957
   0.99521  0.00257  0.25089
   0.98708  0.00476  0.17972
   0.97781  0.00723  0.12239
   0.96749  0.00995  0.07627
   0.95630  0.01284  0.03539
   0.94450  0.01585 -0.00058
   0.93229  0.01890 -0.03400
   0.91982  0.02196 -0.06407
   0.90720  0.02499 -0.09260
   0.89449  0.02799 -0.11804
   0.88172  0.03094 -0.14306
   0.86892  0.03385 -0.16597
   0.85608  0.03670 -0.18773
   0.84323  0.03949 -0.20866
   0.83036  0.04223 -0.22968
   0.81747  0.04491 -0.24807
   0.80457  0.04754 -0.26756
   0.79166  0.05011 -0.28544
   0.77874  0.05262 -0.30351
   0.76582  0.05507 -0.32033
   0.75288  0.05747 -0.33742
   0.73993  0.05981 -0.35393
   0.72698  0.06208 -0.37002
   0.71402  0.06431 -0.38602
   0.70105  0.06647 -0.40161
   0.68808  0.06857 -0.41708
   0.67511  0.07061 -0.43195
   0.66213  0.07259 -0.44759
   0.64915  0.07450 -0.46209
   0.63617  0.07636 -0.47692
   0.62318  0.07815 -0.49180
   0.61020  0.07988 -0.50659
   0.59722  0.08154 -0.52059
   0.58423  0.08314 -0.53502
   0.57125  0.08467 -0.54994
   0.55828  0.08613 -0.56409
   0.54530  0.08752 -0.57841
   0.53234  0.08884 -0.59320
   0.51938  0.09009 -0.60743
   0.50642  0.09127 -0.62253
   0.49348  0.09238 -0.63677
   0.48055  0.09340 -0.65206
   0.46763  0.09436 -0.66717
   0.45473  0.09523 -0.68312
   0.44185  0.09602 -0.69922
   0.42901  0.09673 -0.71634
   0.41622  0.09736 -0.73439
   0.40351  0.09790 -0.75627
   0.39093  0.09833 -0.78345
   0.37844  0.09864 -0.80103
   0.36603  0.09882 -0.81729
   0.35366  0.09887 -0.83117
   0.34133  0.09879 -0.84377
   0.32904  0.09857 -0.85396
   0.31679  0.09822 -0.86386
   0.30457  0.09774 -0.87147
   0.29239  0.09711 -0.87908
   0.28026  0.09634 -0.88403
   0.26817  0.09543 -0.88848
   0.25613  0.09438 -0.89159
   0.24415  0.09318 -0.89271
   0.23223  0.09183 -0.89343
   0.22037  0.09034 -0.89230
   0.20859  0.08869 -0.88920
   0.19690  0.08688 -0.88543
   0.18529  0.08492 -0.87927
   0.17380  0.08280 -0.87229
   0.16241  0.08052 -0.86275
   0.15117  0.07809 -0.85211
   0.14008  0.07550 -0.83907
   0.12919  0.07276 -0.82453
   0.11851  0.06987 -0.80704
   0.10810  0.06684 -0.78854
   0.09802  0.06369 -0.76709
   0.08834  0.06045 -0.74356
   0.07913  0.05715 -0.71796
   0.07047  0.05382 -0.68952
   0.06243  0.05052 -0.65999
   0.05507  0.04728 -0.62763
   0.04840  0.04415 -0.59417
   0.04242  0.04115 -0.55838
   0.03709  0.03830 -0.52148
   0.03236  0.03559 -0.48197
   0.02817  0.03304 -0.44178
   0.02445  0.03062 -0.39841
   0.02114  0.02833 -0.35175
   0.01820  0.02615 -0.30369
   0.01558  0.02407 -0.25120
   0.01325  0.02207 -0.19485
   0.01116  0.02015 -0.13340
   0.00929  0.01829 -0.06609
   0.00763  0.01648  0.00517
   0.00616  0.01473  0.08583
   0.00486  0.01301  0.17224
   0.00372  0.01132  0.26559
   0.00274  0.00966  0.36577
   0.00191  0.00803  0.47266
   0.00124  0.00642  0.58031
   0.00071  0.00484  0.68787
   0.00033  0.00329  0.78914
   0.00010  0.00176  0.87584
   0.00000  0.00028  0.94331
   0.00004 -0.00117  0.98597
   0.00023 -0.00266  0.99991
   0.00059 -0.00416  0.97949
   0.00112 -0.00565  0.92430
   0.00183 -0.00712  0.83866
   0.00273 -0.00855  0.73377
   0.00381 -0.00994  0.62116
   0.00507 -0.01128  0.50877
   0.00650 -0.01257  0.40377
   0.00810 -0.01381  0.31235
   0.00989 -0.01499  0.23132
   0.01186 -0.01613  0.16275
   0.01402 -0.01724  0.10405
   0.01639 -0.01830  0.05722
   0.01900 -0.01933  0.01650
   0.02187 -0.02034 -0.01541
   0.02503 -0.02131 -0.04196
   0.02853 -0.02226 -0.06247
   0.03242 -0.02319 -0.07887
   0.03676 -0.02408 -0.09087
   0.04162 -0.02495 -0.09832
   0.04709 -0.02578 -0.10384
   0.05326 -0.02657 -0.10552
   0.06020 -0.02729 -0.10386
   0.06796 -0.02794 -0.10053
   0.07659 -0.02850 -0.09457
   0.08606 -0.02894 -0.08655
   0.09630 -0.02925 -0.07710
   0.10723 -0.02943 -0.06681
   0.11871 -0.02948 -0.05571
   0.13065 -0.02941 -0.04422
   0.14295 -0.02923 -0.03261
   0.15553 -0.02894 -0.02133
   0.16833 -0.02857 -0.00989
   0.18132 -0.02812  0.00095
   0.19445 -0.02761  0.01150
   0.20771 -0.02704  0.02172
   0.22107 -0.02644  0.03142
   0.23453 -0.02580  0.04063
   0.24806 -0.02513  0.04925
   0.26165 -0.02445  0.05767
   0.27528 -0.02376  0.06528
   0.28893 -0.02307  0.07251
   0.30256 -0.02239  0.07883
   0.31617 -0.02172  0.08485
   0.32975 -0.02106  0.09007
   0.34329 -0.02042  0.09467
   0.35682 -0.01980  0.09832
   0.37032 -0.01922  0.10130
   0.38382 -0.01866  0.10292
   0.39733 -0.01813  0.10169
   0.41090 -0.01762  0.09825
   0.42451 -0.01709  0.09909
   0.43815 -0.01656  0.10006
   0.45181 -0.01601  0.10226
   0.46550 -0.01546  0.10428
   0.47920 -0.01490  0.10702
   0.49291 -0.01434  0.10929
   0.50663 -0.01378  0.11217
   0.52034 -0.01322  0.11510
   0.53404 -0.01267  0.11758
   0.54774 -0.01211  0.12054
   0.56142 -0.01157  0.12305
   0.57509 -0.01103  0.12593
   0.58875 -0.01051  0.12847
   0.60240 -0.00999  0.13121
   0.61604 -0.00948  0.13360
   0.62967 -0.00899  0.13619
   0.64330 -0.00850  0.13850
   0.65692 -0.00803  0.14102
   0.67053 -0.00758  0.14311
   0.68414 -0.00713  0.14562
   0.69774 -0.00671  0.14758
   0.71134 -0.00630  0.14984
   0.72494 -0.00590  0.15215
   0.73854 -0.00552  0.15401
   0.75213 -0.00516  0.15603
   0.76572 -0.00481  0.15819
   0.77931 -0.00448  0.16007
   0.79290 -0.00417  0.16241
   0.80649 -0.00387  0.16446
   0.82009 -0.00359  0.16683
   0.83368 -0.00332  0.16903
   0.84727 -0.00307  0.17160
   0.86085 -0.00284  0.17431
   0.87443 -0.00262  0.17758
   0.88799 -0.00242  0.18092
   0.90151 -0.00223  0.18483
   0.91495 -0.00206  0.18993
   0.92825 -0.00191  0.19566
   0.94129 -0.00176  0.20271
   0.95390 -0.00164  0.21221
   0.96581 -0.00153  0.22325
   0.97676 -0.00144  0.24101
   0.98653 -0.00136  0.26376
   0.99502 -0.00130  0.30260
   1.00000 -0.00126  0.41957
