NACA 4412                                       
 Alfa =  10.00000 Re =        0.000 Xflap,Yflap =     0.000000    0.000000
#    x        y        Cp  
   1.00000  0.00126  0.44871
   0.99521  0.00257  0.27388
   0.98708  0.00476  0.19533
   0.97781  0.00723  0.13077
   0.96749  0.00995  0.07587
   0.95630  0.01284  0.02689
   0.94450  0.01585 -0.01769
   0.93229  0.01890 -0.06086
   0.91982  0.02196 -0.09888
   0.90720  0.02499 -0.13691
   0.89449  0.02799 -0.17143
   0.88172  0.03094 -0.20542
   0.86892  0.03385 -0.23722
   0.85608  0.03670 -0.26783
   0.84323  0.03949 -0.29826
   0.83036  0.04223 -0.32886
   0.81747  0.04491 -0.35614
   0.80457  0.04754 -0.38541
   0.79166  0.05011 -0.41271
   0.77874  0.05262 -0.44107
   0.76582  0.05507 -0.46697
   0.75288  0.05747 -0.49465
   0.73993  0.05981 -0.52117
   0.72698  0.06208 -0.54776
   0.71402  0.06431 -0.57425
   0.70105  0.06647 -0.60100
   0.68808  0.06857 -0.62743
   0.67511  0.07061 -0.65337
   0.66213  0.07259 -0.68096
   0.64915  0.07450 -0.70702
   0.63617  0.07636 -0.73421
   0.62318  0.07815 -0.76156
   0.61020  0.07988 -0.78913
   0.59722  0.08154 -0.81623
   0.58423  0.08314 -0.84396
   0.57125  0.08467 -0.87301
   0.55828  0.08613 -0.90175
   0.54530  0.08752 -0.93070
   0.53234  0.08884 -0.96101
   0.51938  0.09009 -0.99073
   0.50642  0.09127 -1.02268
   0.49348  0.09238 -1.05370
   0.48055  0.09340 -1.08681
   0.46763  0.09436 -1.12039
   0.45473  0.09523 -1.15569
   0.44185  0.09602 -1.19225
   0.42901  0.09673 -1.23027
   0.41622  0.09736 -1.27113
   0.40351  0.09790 -1.31794
   0.39093  0.09833 -1.37235
   0.37844  0.09864 -1.41555
   0.36603  0.09882 -1.45769
   0.35366  0.09887 -1.49835
   0.34133  0.09879 -1.53842
   0.32904  0.09857 -1.57637
   0.31679  0.09822 -1.61529
   0.30457  0.09774 -1.65306
   0.29239  0.09711 -1.69174
   0.28026  0.09634 -1.72898
   0.26817  0.09543 -1.76691
   0.25613  0.09438 -1.80532
   0.24415  0.09318 -1.84332
   0.23223  0.09183 -1.88236
   0.22037  0.09034 -1.92167
   0.20859  0.08869 -1.96119
   0.19690  0.08688 -2.00246
   0.18529  0.08492 -2.04394
   0.17380  0.08280 -2.08800
   0.16241  0.08052 -2.13244
   0.15117  0.07809 -2.18016
   0.14008  0.07550 -2.22975
   0.12919  0.07276 -2.28300
   0.11851  0.06987 -2.33886
   0.10810  0.06684 -2.40071
   0.09802  0.06369 -2.46666
   0.08834  0.06045 -2.53886
   0.07913  0.05715 -2.61772
   0.07047  0.05382 -2.70276
   0.06243  0.05052 -2.79657
   0.05507  0.04728 -2.89625
   0.04840  0.04415 -3.00404
   0.04242  0.04115 -3.11770
   0.03709  0.03830 -3.23840
   0.03236  0.03559 -3.36370
   0.02817  0.03304 -3.49696
   0.02445  0.03062 -3.63388
   0.02114  0.02833 -3.77481
   0.01820  0.02615 -3.92396
   0.01558  0.02407 -4.07581
   0.01325  0.02207 -4.23257
   0.01116  0.02015 -4.39102
   0.00929  0.01829 -4.55009
   0.00763  0.01648 -4.71313
   0.00616  0.01473 -4.86314
   0.00486  0.01301 -5.00812
   0.00372  0.01132 -5.13441
   0.00274  0.00966 -5.23262
   0.00191  0.00803 -5.28552
   0.00124  0.00642 -5.29168
   0.00071  0.00484 -5.22164
   0.00033  0.00329 -5.06447
   0.00010  0.00176 -4.82558
   0.00000  0.00028 -4.49374
   0.00004 -0.00117 -4.10361
   0.00023 -0.00266 -3.62562
   0.00059 -0.00416 -3.05957
   0.00112 -0.00565 -2.44141
   0.00183 -0.00712 -1.80905
   0.00273 -0.00855 -1.21529
   0.00381 -0.00994 -0.69233
   0.00507 -0.01128 -0.25228
   0.00650 -0.01257  0.10031
   0.00810 -0.01381  0.37095
   0.00989 -0.01499  0.57704
   0.01186 -0.01613  0.72791
   0.01402 -0.01724  0.83617
   0.01639 -0.01830  0.91000
   0.01900 -0.01933  0.95841
   0.02187 -0.02034  0.98625
   0.02503 -0.02131  0.99859
   0.02853 -0.02226  0.99876
   0.03242 -0.02319  0.98946
   0.03676 -0.02408  0.97279
   0.04162 -0.02495  0.95062
   0.04709 -0.02578  0.92374
   0.05326 -0.02657  0.89382
   0.06020 -0.02729  0.86201
   0.06796 -0.02794  0.82877
   0.07659 -0.02850  0.79560
   0.08606 -0.02894  0.76334
   0.09630 -0.02925  0.73267
   0.10723 -0.02943  0.70402
   0.11871 -0.02948  0.67784
   0.13065 -0.02941  0.65422
   0.14295 -0.02923  0.63303
   0.15553 -0.02894  0.61380
   0.16833 -0.02857  0.59698
   0.18132 -0.02812  0.58163
   0.19445 -0.02761  0.56791
   0.20771 -0.02704  0.55557
   0.22107 -0.02644  0.54444
   0.23453 -0.02580  0.53415
   0.24806 -0.02513  0.52478
   0.26165 -0.02445  0.51622
   0.27528 -0.02376  0.50818
   0.28893 -0.02307  0.50069
   0.30256 -0.02239  0.49341
   0.31617 -0.02172  0.48676
   0.32975 -0.02106  0.48025
   0.34329 -0.02042  0.47364
   0.35682 -0.01980  0.46725
   0.37032 -0.01922  0.46068
   0.38382 -0.01866  0.45385
   0.39733 -0.01813  0.44499
   0.41090 -0.01762  0.43557
   0.42451 -0.01709  0.42876
   0.43815 -0.01656  0.42212
   0.45181 -0.01601  0.41674
   0.46550 -0.01546  0.41099
   0.47920 -0.01490  0.40651
   0.49291 -0.01434  0.40132
   0.50663 -0.01378  0.39717
   0.52034 -0.01322  0.39317
   0.53404 -0.01267  0.38880
   0.54774 -0.01211  0.38491
   0.56142 -0.01157  0.38113
   0.57509 -0.01103  0.37758
   0.58875 -0.01051  0.37403
   0.60240 -0.00999  0.37054
   0.61604 -0.00948  0.36704
   0.62967 -0.00899  0.36364
   0.64330 -0.00850  0.36045
   0.65692 -0.00803  0.35717
   0.67053 -0.00758  0.35368
   0.68414 -0.00713  0.35083
   0.69774 -0.00671  0.34720
   0.71134 -0.00630  0.34420
   0.72494 -0.00590  0.34119
   0.73854 -0.00552  0.33755
   0.75213 -0.00516  0.33465
   0.76572 -0.00481  0.33138
   0.77931 -0.00448  0.32777
   0.79290 -0.00417  0.32540
   0.80649 -0.00387  0.32174
   0.82009 -0.00359  0.31874
   0.83368 -0.00332  0.31551
   0.84727 -0.00307  0.31301
   0.86085 -0.00284  0.30947
   0.87443 -0.00262  0.30751
   0.88799 -0.00242  0.30446
   0.90151 -0.00223  0.30237
   0.91495 -0.00206  0.30093
   0.92825 -0.00191  0.29991
   0.94129 -0.00176  0.29984
   0.95390 -0.00164  0.30157
   0.96581 -0.00153  0.30450
   0.97676 -0.00144  0.31338
   0.98653 -0.00136  0.32616
   0.99502 -0.00130  0.35419
   1.00000 -0.00126  0.44871
