NACA 4412                                       
 Alfa =   4.00000 Re =        0.000 Xflap,Yflap =     0.000000    0.000000
#    x        y        Cp  
   1.00000  0.00126  0.42623
   0.99521  0.00257  0.25452
   0.98708  0.00476  0.18045
   0.97781  0.00723  0.12038
   0.96749  0.00995  0.07105
   0.95630  0.01284  0.02723
   0.94450  0.01585 -0.01181
   0.93229  0.01890 -0.04866
   0.91982  0.02196 -0.08155
   0.90720  0.02499 -0.11338
   0.89449  0.02799 -0.14196
   0.88172  0.03094 -0.17009
   0.86892  0.03385 -0.19606
   0.85608  0.03670 -0.22085
   0.84323  0.03949 -0.24501
   0.83036  0.04223 -0.26930
   0.81747  0.04491 -0.29070
   0.80457  0.04754 -0.31348
   0.79166  0.05011 -0.33454
   0.77874  0.05262 -0.35606
   0.76582  0.05507 -0.37593
   0.75288  0.05747 -0.39655
   0.73993  0.05981 -0.41640
   0.72698  0.06208 -0.43598
   0.71402  0.06431 -0.45546
   0.70105  0.06647 -0.47473
   0.68808  0.06857 -0.49382
   0.67511  0.07061 -0.51233
   0.66213  0.07259 -0.53190
   0.64915  0.07450 -0.55019
   0.63617  0.07636 -0.56905
   0.62318  0.07815 -0.58800
   0.61020  0.07988 -0.60695
   0.59722  0.08154 -0.62521
   0.58423  0.08314 -0.64395
   0.57125  0.08467 -0.66344
   0.55828  0.08613 -0.68229
   0.54530  0.08752 -0.70132
   0.53234  0.08884 -0.72109
   0.51938  0.09009 -0.74029
   0.50642  0.09127 -0.76078
   0.49348  0.09238 -0.78037
   0.48055  0.09340 -0.80133
   0.46763  0.09436 -0.82231
   0.45473  0.09523 -0.84439
   0.44185  0.09602 -0.86696
   0.42901  0.09673 -0.89068
   0.41622  0.09736 -0.91592
   0.40351  0.09790 -0.94566
   0.39093  0.09833 -0.98146
   0.37844  0.09864 -1.00704
   0.36603  0.09882 -1.03135
   0.35366  0.09887 -1.05351
   0.34133  0.09879 -1.07457
   0.32904  0.09857 -1.09326
   0.31679  0.09822 -1.11201
   0.30457  0.09774 -1.12877
   0.29239  0.09711 -1.14577
   0.28026  0.09634 -1.16041
   0.26817  0.09543 -1.17487
   0.25613  0.09438 -1.18848
   0.24415  0.09318 -1.20049
   0.23223  0.09183 -1.21248
   0.22037  0.09034 -1.22315
   0.20859  0.08869 -1.23241
   0.19690  0.08688 -1.24163
   0.18529  0.08492 -1.24909
   0.17380  0.08280 -1.25662
   0.16241  0.08052 -1.26228
   0.15117  0.07809 -1.26795
   0.14008  0.07550 -1.27225
   0.12919  0.07276 -1.27631
   0.11851  0.06987 -1.27872
   0.10810  0.06684 -1.28182
   0.09802  0.06369 -1.28357
   0.08834  0.06045 -1.28514
   0.07913  0.05715 -1.28658
   0.07047  0.05382 -1.28704
   0.06243  0.05052 -1.28850
   0.05507  0.04728 -1.28871
   0.04840  0.04415 -1.28951
   0.04242  0.04115 -1.28924
   0.03709  0.03830 -1.28907
   0.03236  0.03559 -1.28706
   0.02817  0.03304 -1.28550
   0.02445  0.03062 -1.28114
   0.02114  0.02833 -1.27382
   0.01820  0.02615 -1.26597
   0.01558  0.02407 -1.25348
   0.01325  0.02207 -1.23708
   0.01116  0.02015 -1.21461
   0.00929  0.01829 -1.18474
   0.00763  0.01648 -1.14952
   0.00616  0.01473 -1.09949
   0.00486  0.01301 -1.03912
   0.00372  0.01132 -0.96349
   0.00274  0.00966 -0.86968
   0.00191  0.00803 -0.75295
   0.00124  0.00642 -0.61811
   0.00071  0.00484 -0.45878
   0.00033  0.00329 -0.27851
   0.00010  0.00176 -0.08771
   0.00000  0.00028  0.11029
   0.00004 -0.00117  0.30284
   0.00023 -0.00266  0.49133
   0.00059 -0.00416  0.66547
   0.00112 -0.00565  0.80922
   0.00183 -0.00712  0.91454
   0.00273 -0.00855  0.97654
   0.00381 -0.00994  0.99943
   0.00507 -0.01128  0.99118
   0.00650 -0.01257  0.96055
   0.00810 -0.01381  0.91662
   0.00989 -0.01499  0.86439
   0.01186 -0.01613  0.80912
   0.01402 -0.01724  0.75293
   0.01639 -0.01830  0.69923
   0.01900 -0.01933  0.64665
   0.02187 -0.02034  0.59793
   0.02503 -0.02131  0.55176
   0.02853 -0.02226  0.50923
   0.03242 -0.02319  0.46945
   0.03676 -0.02408  0.43287
   0.04162 -0.02495  0.39997
   0.04709 -0.02578  0.36890
   0.05326 -0.02657  0.34134
   0.06020 -0.02729  0.31720
   0.06796 -0.02794  0.29538
   0.07659 -0.02850  0.27694
   0.08606 -0.02894  0.26167
   0.09630 -0.02925  0.24926
   0.10723 -0.02943  0.23933
   0.11871 -0.02948  0.23185
   0.13065 -0.02941  0.22641
   0.14295 -0.02923  0.22266
   0.15553 -0.02894  0.21997
   0.16833 -0.02857  0.21876
   0.18132 -0.02812  0.21806
   0.19445 -0.02761  0.21809
   0.20771 -0.02704  0.21867
   0.22107 -0.02644  0.21957
   0.23453 -0.02580  0.22063
   0.24806 -0.02513  0.22179
   0.26165 -0.02445  0.22324
   0.27528 -0.02376  0.22448
   0.28893 -0.02307  0.22575
   0.30256 -0.02239  0.22660
   0.31617 -0.02172  0.22755
   0.32975 -0.02106  0.22809
   0.34329 -0.02042  0.22824
   0.35682 -0.01980  0.22791
   0.37032 -0.01922  0.22712
   0.38382 -0.01866  0.22540
   0.39733 -0.01813  0.22110
   0.41090 -0.01762  0.21524
   0.42451 -0.01709  0.21309
   0.43815 -0.01656  0.21109
   0.45181 -0.01601  0.21037
   0.46550 -0.01546  0.20940
   0.47920 -0.01490  0.20939
   0.49291 -0.01434  0.20882
   0.50663 -0.01378  0.20904
   0.52034 -0.01322  0.20936
   0.53404 -0.01267  0.20926
   0.54774 -0.01211  0.20966
   0.56142 -0.01157  0.20981
   0.57509 -0.01103  0.21030
   0.58875 -0.01051  0.21058
   0.60240 -0.00999  0.21102
   0.61604 -0.00948  0.21123
   0.62967 -0.00899  0.21162
   0.64330 -0.00850  0.21191
   0.65692 -0.00803  0.21230
   0.67053 -0.00758  0.21235
   0.68414 -0.00713  0.21290
   0.69774 -0.00671  0.21282
   0.71134 -0.00630  0.21318
   0.72494 -0.00590  0.21356
   0.73854 -0.00552  0.21343
   0.75213 -0.00516  0.21368
   0.76572 -0.00481  0.21389
   0.77931 -0.00448  0.21379
   0.79290 -0.00417  0.21445
   0.80649 -0.00387  0.21445
   0.82009 -0.00359  0.21491
   0.83368 -0.00332  0.21518
   0.84727 -0.00307  0.21596
   0.86085 -0.00284  0.21646
   0.87443 -0.00262  0.21789
   0.88799 -0.00242  0.21898
   0.90151 -0.00223  0.22080
   0.91495 -0.00206  0.22362
   0.92825 -0.00191  0.22701
   0.94129 -0.00176  0.23161
   0.95390 -0.00164  0.23845
   0.96581 -0.00153  0.24674
   0.97676 -0.00144  0.26152
   0.98653 -0.00136  0.28095
   0.99502 -0.00130  0.31629
   1.00000 -0.00126  0.42623
