NACA 4412                                       
 Alfa =   8.00000 Re =        0.000 Xflap,Yflap =     0.000000    0.000000
#    x        y        Cp  
   1.00000  0.00126  0.43990
   0.99521  0.00257  0.26566
   0.98708  0.00476  0.18841
   0.97781  0.00723  0.12518
   0.96749  0.00995  0.07201
   0.95630  0.01284  0.02463
   0.94450  0.01585 -0.01821
   0.93229  0.01890 -0.05936
   0.91982  0.02196 -0.09575
   0.90720  0.02499 -0.13179
   0.89449  0.02799 -0.16440
   0.88172  0.03094 -0.19649
   0.86892  0.03385 -0.22641
   0.85608  0.03670 -0.25512
   0.84323  0.03949 -0.28351
   0.83036  0.04223 -0.31204
   0.81747  0.04491 -0.33739
   0.80457  0.04754 -0.36453
   0.79166  0.05011 -0.38978
   0.77874  0.05262 -0.41589
   0.76582  0.05507 -0.43979
   0.75288  0.05747 -0.46514
   0.73993  0.05981 -0.48944
   0.72698  0.06208 -0.51370
   0.71402  0.06431 -0.53787
   0.70105  0.06647 -0.56212
   0.68808  0.06857 -0.58610
   0.67511  0.07061 -0.60956
   0.66213  0.07259 -0.63446
   0.64915  0.07450 -0.65792
   0.63617  0.07636 -0.68231
   0.62318  0.07815 -0.70684
   0.61020  0.07988 -0.73151
   0.59722  0.08154 -0.75563
   0.58423  0.08314 -0.78033
   0.57125  0.08467 -0.80614
   0.55828  0.08613 -0.83153
   0.54530  0.08752 -0.85712
   0.53234  0.08884 -0.88386
   0.51938  0.09009 -0.91000
   0.50642  0.09127 -0.93805
   0.49348  0.09238 -0.96517
   0.48055  0.09340 -0.99414
   0.46763  0.09436 -1.02341
   0.45473  0.09523 -1.05419
   0.44185  0.09602 -1.08596
   0.42901  0.09673 -1.11907
   0.41622  0.09736 -1.15457
   0.40351  0.09790 -1.19552
   0.39093  0.09833 -1.24355
   0.37844  0.09864 -1.28067
   0.36603  0.09882 -1.31665
   0.35366  0.09887 -1.35089
   0.34133  0.09879 -1.38435
   0.32904  0.09857 -1.41558
   0.31679  0.09822 -1.44745
   0.30457  0.09774 -1.47785
   0.29239  0.09711 -1.50892
   0.28026  0.09634 -1.53819
   0.26817  0.09543 -1.56783
   0.25613  0.09438 -1.59745
   0.24415  0.09318 -1.62621
   0.23223  0.09183 -1.65561
   0.22037  0.09034 -1.68468
   0.20859  0.08869 -1.71335
   0.19690  0.08688 -1.74310
   0.18529  0.08492 -1.77230
   0.17380  0.08280 -1.80312
   0.16241  0.08052 -1.83347
   0.15117  0.07809 -1.86585
   0.14008  0.07550 -1.89885
   0.12919  0.07276 -1.93402
   0.11851  0.06987 -1.97013
   0.10810  0.06684 -2.01020
   0.09802  0.06369 -2.05222
   0.08834  0.06045 -2.09798
   0.07913  0.05715 -2.14770
   0.07047  0.05382 -2.20074
   0.06243  0.05052 -2.25942
   0.05507  0.04728 -2.32103
   0.04840  0.04415 -2.38764
   0.04242  0.04115 -2.45716
   0.03709  0.03830 -2.53075
   0.03236  0.03559 -2.60608
   0.02817  0.03304 -2.68610
   0.02445  0.03062 -2.76679
   0.02114  0.02833 -2.84824
   0.01820  0.02615 -2.93397
   0.01558  0.02407 -3.01881
   0.01325  0.02207 -3.10431
   0.01116  0.02015 -3.18749
   0.00929  0.01829 -3.26699
   0.00763  0.01648 -3.34555
   0.00616  0.01473 -3.40864
   0.00486  0.01301 -3.46276
   0.00372  0.01132 -3.49738
   0.00274  0.00966 -3.50530
   0.00191  0.00803 -3.47383
   0.00124  0.00642 -3.40421
   0.00071  0.00484 -3.27590
   0.00033  0.00329 -3.08415
   0.00010  0.00176 -2.83739
   0.00000  0.00028 -2.53100
   0.00004 -0.00117 -2.19116
   0.00023 -0.00266 -1.80027
   0.00059 -0.00416 -1.36451
   0.00112 -0.00565 -0.91497
   0.00183 -0.00712 -0.47886
   0.00273 -0.00855 -0.09079
   0.00381 -0.00994  0.23238
   0.00507 -0.01128  0.48816
   0.00650 -0.01257  0.67888
   0.00810 -0.01381  0.81261
   0.00989 -0.01499  0.90324
   0.01186 -0.01613  0.95910
   0.01402 -0.01724  0.98915
   0.01639 -0.01830  0.99971
   0.01900 -0.01933  0.99611
   0.02187 -0.02034  0.98219
   0.02503 -0.02131  0.96061
   0.02853 -0.02226  0.93372
   0.03242 -0.02319  0.90284
   0.03676 -0.02408  0.86931
   0.04162 -0.02495  0.83441
   0.04709 -0.02578  0.79793
   0.05326 -0.02657  0.76145
   0.06020 -0.02729  0.72565
   0.06796 -0.02794  0.69041
   0.07659 -0.02850  0.65705
   0.08606 -0.02894  0.62603
   0.09630 -0.02925  0.59762
   0.10723 -0.02943  0.57195
   0.11871 -0.02948  0.54922
   0.13065 -0.02941  0.52930
   0.14295 -0.02923  0.51192
   0.15553 -0.02894  0.49647
   0.16833 -0.02857  0.48338
   0.18132 -0.02812  0.47164
   0.19445 -0.02761  0.46139
   0.20771 -0.02704  0.45238
   0.22107 -0.02644  0.44441
   0.23453 -0.02580  0.43715
   0.24806 -0.02513  0.43062
   0.26165 -0.02445  0.42479
   0.27528 -0.02376  0.41931
   0.28893 -0.02307  0.41425
   0.30256 -0.02239  0.40925
   0.31617 -0.02172  0.40474
   0.32975 -0.02106  0.40022
   0.34329 -0.02042  0.39554
   0.35682 -0.01980  0.39088
   0.37032 -0.01922  0.38596
   0.38382 -0.01866  0.38059
   0.39733 -0.01813  0.37301
   0.41090 -0.01762  0.36458
   0.42451 -0.01709  0.35911
   0.43815 -0.01656  0.35382
   0.45181 -0.01601  0.34980
   0.46550 -0.01546  0.34546
   0.47920 -0.01490  0.34231
   0.49291 -0.01434  0.33849
   0.50663 -0.01378  0.33565
   0.52034 -0.01322  0.33295
   0.53404 -0.01267  0.32986
   0.54774 -0.01211  0.32727
   0.56142 -0.01157  0.32468
   0.57509 -0.01103  0.32236
   0.58875 -0.01051  0.31998
   0.60240 -0.00999  0.31768
   0.61604 -0.00948  0.31532
   0.62967 -0.00899  0.31308
   0.64330 -0.00850  0.31096
   0.65692 -0.00803  0.30881
   0.67053 -0.00758  0.30641
   0.68414 -0.00713  0.30462
   0.69774 -0.00671  0.30209
   0.71134 -0.00630  0.30013
   0.72494 -0.00590  0.29817
   0.73854 -0.00552  0.29563
   0.75213 -0.00516  0.29371
   0.76572 -0.00481  0.29153
   0.77931 -0.00448  0.28902
   0.79290 -0.00417  0.28761
   0.80649 -0.00387  0.28510
   0.82009 -0.00359  0.28319
   0.83368 -0.00332  0.28106
   0.84727 -0.00307  0.27961
   0.86085 -0.00284  0.27734
   0.87443 -0.00262  0.27647
   0.88799 -0.00242  0.27474
   0.90151 -0.00223  0.27390
   0.91495 -0.00206  0.27383
   0.92825 -0.00191  0.27423
   0.94129 -0.00176  0.27567
   0.95390 -0.00164  0.27907
   0.96581 -0.00153  0.28375
   0.97676 -0.00144  0.29458
   0.98653 -0.00136  0.30957
   0.99502 -0.00130  0.34007
   1.00000 -0.00126  0.43990
