NACA 0012                                       
 Alfa =  -2.00000 Re =        0.000 Xflap,Yflap =     0.000000    0.000000
#    x        y        Cp  
   1.00000  0.00126  0.41863
   0.99505  0.00195  0.27465
   0.98666  0.00312  0.22143
   0.97707  0.00443  0.18287
   0.96637  0.00588  0.15366
   0.95476  0.00744  0.13034
   0.94248  0.00905  0.10937
   0.92976  0.01071  0.09224
   0.91678  0.01237  0.07663
   0.90364  0.01402  0.06332
   0.89040  0.01567  0.05067
   0.87711  0.01729  0.03975
   0.86379  0.01889  0.02958
   0.85045  0.02047  0.01988
   0.83709  0.02203  0.01099
   0.82373  0.02357  0.00269
   0.81036  0.02508 -0.00506
   0.79698  0.02657 -0.01265
   0.78360  0.02803 -0.02011
   0.77022  0.02947 -0.02659
   0.75683  0.03089 -0.03371
   0.74345  0.03228 -0.04009
   0.73006  0.03365 -0.04608
   0.71668  0.03500 -0.05269
   0.70329  0.03632 -0.05831
   0.68991  0.03761 -0.06438
   0.67653  0.03888 -0.06998
   0.66315  0.04013 -0.07565
   0.64977  0.04135 -0.08154
   0.63640  0.04254 -0.08683
   0.62303  0.04370 -0.09227
   0.60967  0.04483 -0.09767
   0.59632  0.04594 -0.10323
   0.58297  0.04701 -0.10831
   0.56963  0.04805 -0.11361
   0.55630  0.04906 -0.11895
   0.54298  0.05003 -0.12404
   0.52966  0.05097 -0.12918
   0.51636  0.05188 -0.13433
   0.50307  0.05275 -0.13924
   0.48980  0.05357 -0.14438
   0.47653  0.05436 -0.14934
   0.46329  0.05510 -0.15414
   0.45006  0.05580 -0.15897
   0.43684  0.05646 -0.16391
   0.42365  0.05707 -0.16800
   0.41048  0.05762 -0.17296
   0.39732  0.05813 -0.17732
   0.38420  0.05858 -0.18142
   0.37109  0.05897 -0.18583
   0.35802  0.05931 -0.18951
   0.34497  0.05958 -0.19356
   0.33196  0.05979 -0.19677
   0.31898  0.05994 -0.20032
   0.30603  0.06001 -0.20311
   0.29313  0.06001 -0.20579
   0.28027  0.05993 -0.20847
   0.26746  0.05977 -0.20990
   0.25471  0.05952 -0.21140
   0.24201  0.05919 -0.21262
   0.22938  0.05877 -0.21276
   0.21683  0.05824 -0.21265
   0.20435  0.05762 -0.21135
   0.19198  0.05689 -0.20959
   0.17971  0.05605 -0.20668
   0.16758  0.05509 -0.20250
   0.15560  0.05401 -0.19725
   0.14380  0.05280 -0.19052
   0.13223  0.05147 -0.18183
   0.12093  0.05001 -0.17164
   0.10998  0.04843 -0.15897
   0.09945  0.04674 -0.14417
   0.08944  0.04494 -0.12641
   0.08002  0.04308 -0.10601
   0.07128  0.04116 -0.08253
   0.06327  0.03922 -0.05656
   0.05601  0.03729 -0.02734
   0.04949  0.03539  0.00497
   0.04366  0.03353  0.03925
   0.03846  0.03173  0.07734
   0.03382  0.02997  0.11718
   0.02969  0.02827  0.16056
   0.02598  0.02661  0.20690
   0.02266  0.02500  0.25635
   0.01968  0.02342  0.30984
   0.01698  0.02187  0.36649
   0.01455  0.02034  0.42728
   0.01235  0.01883  0.49153
   0.01037  0.01733  0.55945
   0.00858  0.01584  0.63081
   0.00698  0.01434  0.70426
   0.00555  0.01284  0.77705
   0.00429  0.01134  0.84748
   0.00319  0.00982  0.91052
   0.00226  0.00830  0.96126
   0.00149  0.00677  0.99275
   0.00089  0.00524  0.99881
   0.00044  0.00371  0.97424
   0.00015  0.00220  0.91794
   0.00002  0.00072  0.83140
   0.00002 -0.00073  0.71855
   0.00015 -0.00220  0.57949
   0.00044 -0.00371  0.42047
   0.00089 -0.00524  0.25060
   0.00149 -0.00677  0.08557
   0.00226 -0.00830 -0.07530
   0.00319 -0.00982 -0.21453
   0.00429 -0.01134 -0.33812
   0.00555 -0.01284 -0.44147
   0.00698 -0.01434 -0.52658
   0.00858 -0.01584 -0.59527
   0.01037 -0.01733 -0.65039
   0.01235 -0.01883 -0.69327
   0.01455 -0.02034 -0.72662
   0.01698 -0.02187 -0.75200
   0.01968 -0.02342 -0.76941
   0.02266 -0.02500 -0.78158
   0.02598 -0.02661 -0.79049
   0.02969 -0.02827 -0.79343
   0.03382 -0.02997 -0.79348
   0.03846 -0.03173 -0.79075
   0.04366 -0.03353 -0.78570
   0.04949 -0.03539 -0.77792
   0.05601 -0.03729 -0.76875
   0.06327 -0.03922 -0.75734
   0.07128 -0.04116 -0.74527
   0.08002 -0.04308 -0.73146
   0.08944 -0.04494 -0.71723
   0.09945 -0.04674 -0.70313
   0.10998 -0.04843 -0.68796
   0.12093 -0.05001 -0.67302
   0.13223 -0.05147 -0.65821
   0.14380 -0.05280 -0.64319
   0.15560 -0.05401 -0.62870
   0.16758 -0.05509 -0.61414
   0.17971 -0.05605 -0.59977
   0.19198 -0.05689 -0.58604
   0.20435 -0.05762 -0.57183
   0.21683 -0.05824 -0.55817
   0.22938 -0.05877 -0.54506
   0.24201 -0.05919 -0.53131
   0.25471 -0.05952 -0.51843
   0.26746 -0.05977 -0.50531
   0.28027 -0.05993 -0.49275
   0.29313 -0.06001 -0.47984
   0.30603 -0.06001 -0.46744
   0.31898 -0.05994 -0.45522
   0.33196 -0.05979 -0.44314
   0.34497 -0.05958 -0.43097
   0.35802 -0.05931 -0.41899
   0.37109 -0.05897 -0.40772
   0.38420 -0.05858 -0.39613
   0.39733 -0.05813 -0.38463
   0.41048 -0.05762 -0.37332
   0.42365 -0.05707 -0.36220
   0.43684 -0.05646 -0.35148
   0.45006 -0.05580 -0.34044
   0.46329 -0.05510 -0.32964
   0.47653 -0.05436 -0.31934
   0.48980 -0.05357 -0.30871
   0.50307 -0.05275 -0.29855
   0.51636 -0.05188 -0.28815
   0.52966 -0.05097 -0.27810
   0.54298 -0.05003 -0.26800
   0.55630 -0.04906 -0.25824
   0.56963 -0.04805 -0.24845
   0.58297 -0.04701 -0.23854
   0.59632 -0.04594 -0.22880
   0.60967 -0.04483 -0.21925
   0.62303 -0.04370 -0.20974
   0.63640 -0.04254 -0.20005
   0.64977 -0.04135 -0.19085
   0.66315 -0.04013 -0.18075
   0.67653 -0.03888 -0.17156
   0.68991 -0.03761 -0.16205
   0.70329 -0.03632 -0.15216
   0.71668 -0.03500 -0.14286
   0.73006 -0.03365 -0.13277
   0.74345 -0.03228 -0.12305
   0.75683 -0.03089 -0.11288
   0.77022 -0.02947 -0.10280
   0.78360 -0.02803 -0.09212
   0.79698 -0.02657 -0.08168
   0.81036 -0.02508 -0.07059
   0.82373 -0.02357 -0.05909
   0.83709 -0.02203 -0.04750
   0.85045 -0.02047 -0.03472
   0.86379 -0.01889 -0.02189
   0.87711 -0.01729 -0.00791
   0.89040 -0.01567  0.00647
   0.90364 -0.01402  0.02315
   0.91678 -0.01237  0.04005
   0.92976 -0.01071  0.05925
   0.94248 -0.00905  0.08101
   0.95476 -0.00744  0.10558
   0.96637 -0.00588  0.13319
   0.97707 -0.00443  0.16636
   0.98666 -0.00312  0.20960
   0.99505 -0.00195  0.26725
   1.00000 -0.00126  0.41863
