NACA 0012                                       
 Alfa =   8.00000 Re =        0.000 Xflap,Yflap =     0.000000    0.000000
#    x        y        Cp  
   1.00000  0.00126  0.42956
   0.99505  0.00195  0.27003
   0.98666  0.00312  0.20634
   0.97707  0.00443  0.15776
   0.96637  0.00588  0.11758
   0.95476  0.00744  0.08503
   0.94248  0.00905  0.05403
   0.92976  0.01071  0.02690
   0.91678  0.01237  0.00183
   0.90364  0.01402 -0.02071
   0.89040  0.01567 -0.04255
   0.87711  0.01729 -0.06233
   0.86379  0.01889 -0.08169
   0.85045  0.02047 -0.10040
   0.83709  0.02203 -0.11770
   0.82373  0.02357 -0.13560
   0.81036  0.02508 -0.15163
   0.79698  0.02657 -0.16828
   0.78360  0.02803 -0.18431
   0.77022  0.02947 -0.20006
   0.75683  0.03089 -0.21642
   0.74345  0.03228 -0.23155
   0.73006  0.03365 -0.24711
   0.71668  0.03500 -0.26252
   0.70329  0.03632 -0.27823
   0.68991  0.03761 -0.29385
   0.67653  0.03888 -0.30918
   0.66315  0.04013 -0.32506
   0.64977  0.04135 -0.34078
   0.63640  0.04254 -0.35691
   0.62303  0.04370 -0.37295
   0.60967  0.04483 -0.38940
   0.59632  0.04594 -0.40604
   0.58297  0.04701 -0.42266
   0.56963  0.04805 -0.43998
   0.55630  0.04906 -0.45708
   0.54298  0.05003 -0.47503
   0.52966  0.05097 -0.49302
   0.51636  0.05188 -0.51162
   0.50307  0.05275 -0.53027
   0.48980  0.05357 -0.54962
   0.47653  0.05436 -0.56926
   0.46329  0.05510 -0.58945
   0.45006  0.05580 -0.61017
   0.43684  0.05646 -0.63150
   0.42365  0.05707 -0.65286
   0.41048  0.05762 -0.67555
   0.39732  0.05813 -0.69859
   0.38420  0.05858 -0.72227
   0.37109  0.05897 -0.74690
   0.35802  0.05931 -0.77178
   0.34497  0.05958 -0.79829
   0.33196  0.05979 -0.82491
   0.31898  0.05994 -0.85321
   0.30603  0.06001 -0.88183
   0.29313  0.06001 -0.91218
   0.28027  0.05993 -0.94396
   0.26746  0.05977 -0.97615
   0.25471  0.05952 -1.01042
   0.24201  0.05919 -1.04676
   0.22938  0.05877 -1.08405
   0.21683  0.05824 -1.12416
   0.20435  0.05762 -1.16586
   0.19198  0.05689 -1.21067
   0.17971  0.05605 -1.25809
   0.16758  0.05509 -1.30848
   0.15560  0.05401 -1.36294
   0.14380  0.05280 -1.42151
   0.13223  0.05147 -1.48446
   0.12093  0.05001 -1.55315
   0.10998  0.04843 -1.62724
   0.09945  0.04674 -1.70812
   0.08944  0.04494 -1.79530
   0.08002  0.04308 -1.88936
   0.07128  0.04116 -1.98990
   0.06327  0.03922 -2.09755
   0.05601  0.03729 -2.21024
   0.04949  0.03539 -2.32770
   0.04366  0.03353 -2.45131
   0.03846  0.03173 -2.57726
   0.03382  0.02997 -2.70941
   0.02969  0.02827 -2.84407
   0.02598  0.02661 -2.98280
   0.02266  0.02500 -3.12577
   0.01968  0.02342 -3.26970
   0.01698  0.02187 -3.41748
   0.01455  0.02034 -3.56509
   0.01235  0.01883 -3.71299
   0.01037  0.01733 -3.85634
   0.00858  0.01584 -3.98907
   0.00698  0.01434 -4.10694
   0.00555  0.01284 -4.20317
   0.00429  0.01134 -4.26170
   0.00319  0.00982 -4.27245
   0.00226  0.00830 -4.21798
   0.00149  0.00677 -4.08416
   0.00089  0.00524 -3.86574
   0.00044  0.00371 -3.55495
   0.00015  0.00220 -3.17743
   0.00002  0.00072 -2.74732
   0.00002 -0.00073 -2.30161
   0.00015 -0.00220 -1.83971
   0.00044 -0.00371 -1.36867
   0.00089 -0.00524 -0.91016
   0.00149 -0.00677 -0.49587
   0.00226 -0.00830 -0.12713
   0.00319 -0.00982  0.17598
   0.00429 -0.01134  0.42141
   0.00555 -0.01284  0.61116
   0.00698 -0.01434  0.75329
   0.00858 -0.01584  0.85554
   0.01037 -0.01733  0.92543
   0.01235 -0.01883  0.96938
   0.01455 -0.02034  0.99282
   0.01698 -0.02187  1.00000
   0.01968 -0.02342  0.99439
   0.02266 -0.02500  0.97871
   0.02598 -0.02661  0.95479
   0.02969 -0.02827  0.92484
   0.03382 -0.02997  0.88979
   0.03846 -0.03173  0.85066
   0.04366 -0.03353  0.80856
   0.04949 -0.03539  0.76437
   0.05601 -0.03729  0.71864
   0.06327 -0.03922  0.67274
   0.07128 -0.04116  0.62688
   0.08002 -0.04308  0.58258
   0.08944 -0.04494  0.54002
   0.09945 -0.04674  0.49964
   0.10998 -0.04843  0.46239
   0.12093 -0.05001  0.42795
   0.13223 -0.05147  0.39637
   0.14380 -0.05280  0.36762
   0.15560 -0.05401  0.34135
   0.16758 -0.05509  0.31766
   0.17971 -0.05605  0.29590
   0.19198 -0.05689  0.27617
   0.20435 -0.05762  0.25833
   0.21683 -0.05824  0.24210
   0.22938 -0.05877  0.22706
   0.24201 -0.05919  0.21379
   0.25471 -0.05952  0.20124
   0.26746 -0.05977  0.19022
   0.28027 -0.05993  0.17987
   0.29313 -0.06001  0.17069
   0.30603 -0.06001  0.16208
   0.31898 -0.05994  0.15445
   0.33196 -0.05979  0.14731
   0.34497 -0.05958  0.14088
   0.35802 -0.05931  0.13534
   0.37109 -0.05897  0.12947
   0.38420 -0.05858  0.12494
   0.39733 -0.05813  0.12037
   0.41048 -0.05762  0.11678
   0.42365 -0.05707  0.11313
   0.43684 -0.05646  0.10947
   0.45006 -0.05580  0.10707
   0.46329 -0.05510  0.10441
   0.47653 -0.05436  0.10193
   0.48980 -0.05357  0.09993
   0.50307 -0.05275  0.09808
   0.51636 -0.05188  0.09649
   0.52966 -0.05097  0.09498
   0.54298 -0.05003  0.09426
   0.55630 -0.04906  0.09302
   0.56963 -0.04805  0.09204
   0.58297 -0.04701  0.09139
   0.59632 -0.04594  0.09115
   0.60967 -0.04483  0.09079
   0.62303 -0.04370  0.09038
   0.63640 -0.04254  0.09064
   0.64977 -0.04135  0.09046
   0.66315 -0.04013  0.09094
   0.67653 -0.03888  0.09168
   0.68991 -0.03761  0.09180
   0.70329 -0.03632  0.09289
   0.71668 -0.03500  0.09327
   0.73006 -0.03365  0.09474
   0.74345 -0.03228  0.09628
   0.75683 -0.03089  0.09752
   0.77022 -0.02947  0.09944
   0.78360 -0.02803  0.10117
   0.79698 -0.02657  0.10373
   0.81036 -0.02508  0.10610
   0.82373 -0.02357  0.10905
   0.83709 -0.02203  0.11236
   0.85045 -0.02047  0.11635
   0.86379 -0.01889  0.12057
   0.87711 -0.01729  0.12624
   0.89040 -0.01567  0.13117
   0.90364 -0.01402  0.13851
   0.91678 -0.01237  0.14661
   0.92976 -0.01071  0.15554
   0.94248 -0.00905  0.16780
   0.95476 -0.00744  0.18174
   0.96637 -0.00588  0.19877
   0.97707 -0.00443  0.22078
   0.98666 -0.00312  0.25325
   0.99505 -0.00195  0.29755
   1.00000 -0.00126  0.42956
