NACA 0012                                       
 Alfa =  -3.00000 Re =        0.000 Xflap,Yflap =     0.000000    0.000000
#    x        y        Cp  
   1.00000  0.00126  0.41948
   0.99505  0.00195  0.27754
   0.98666  0.00312  0.22555
   0.97707  0.00443  0.18811
   0.96637  0.00588  0.16008
   0.95476  0.00744  0.13775
   0.94248  0.00905  0.11782
   0.92976  0.01071  0.10172
   0.91678  0.01237  0.08708
   0.90364  0.01402  0.07469
   0.89040  0.01567  0.06297
   0.87711  0.01729  0.05293
   0.86379  0.01889  0.04367
   0.85045  0.02047  0.03486
   0.83709  0.02203  0.02679
   0.82373  0.02357  0.01941
   0.81036  0.02508  0.01247
   0.79698  0.02657  0.00575
   0.78360  0.02803 -0.00089
   0.77022  0.02947 -0.00649
   0.75683  0.03089 -0.01273
   0.74345  0.03228 -0.01828
   0.73006  0.03365 -0.02337
   0.71668  0.03500 -0.02916
   0.70329  0.03632 -0.03384
   0.68991  0.03761 -0.03902
   0.67653  0.03888 -0.04372
   0.66315  0.04013 -0.04845
   0.64977  0.04135 -0.05343
   0.63640  0.04254 -0.05774
   0.62303  0.04370 -0.06222
   0.60967  0.04483 -0.06662
   0.59632  0.04594 -0.07117
   0.58297  0.04701 -0.07522
   0.56963  0.04805 -0.07944
   0.55630  0.04906 -0.08373
   0.54298  0.05003 -0.08768
   0.52966  0.05097 -0.09169
   0.51636  0.05188 -0.09566
   0.50307  0.05275 -0.09937
   0.48980  0.05357 -0.10326
   0.47653  0.05436 -0.10695
   0.46329  0.05510 -0.11042
   0.45006  0.05580 -0.11390
   0.43684  0.05646 -0.11744
   0.42365  0.05707 -0.12006
   0.41048  0.05762 -0.12354
   0.39732  0.05813 -0.12633
   0.38420  0.05858 -0.12880
   0.37109  0.05897 -0.13154
   0.35802  0.05931 -0.13348
   0.34497  0.05958 -0.13570
   0.33196  0.05979 -0.13702
   0.31898  0.05994 -0.13858
   0.30603  0.06001 -0.13932
   0.29313  0.06001 -0.13982
   0.28027  0.05993 -0.14023
   0.26746  0.05977 -0.13929
   0.25471  0.05952 -0.13828
   0.24201  0.05919 -0.13684
   0.22938  0.05877 -0.13421
   0.21683  0.05824 -0.13114
   0.20435  0.05762 -0.12672
   0.19198  0.05689 -0.12163
   0.17971  0.05605 -0.11518
   0.16758  0.05509 -0.10724
   0.15560  0.05401 -0.09794
   0.14380  0.05280 -0.08690
   0.13223  0.05147 -0.07358
   0.12093  0.05001 -0.05843
   0.10998  0.04843 -0.04048
   0.09945  0.04674 -0.02005
   0.08944  0.04494  0.00365
   0.08002  0.04308  0.03025
   0.07128  0.04116  0.06010
   0.06327  0.03922  0.09258
   0.05601  0.03729  0.12826
   0.04949  0.03539  0.16689
   0.04366  0.03353  0.20731
   0.03846  0.03173  0.25111
   0.03382  0.02997  0.29630
   0.02969  0.02827  0.34439
   0.02598  0.02661  0.39472
   0.02266  0.02500  0.44731
   0.01968  0.02342  0.50271
   0.01698  0.02187  0.55996
   0.01455  0.02034  0.61952
   0.01235  0.01883  0.68038
   0.01037  0.01733  0.74209
   0.00858  0.01584  0.80360
   0.00698  0.01434  0.86278
   0.00555  0.01284  0.91614
   0.00429  0.01134  0.96056
   0.00319  0.00982  0.99041
   0.00226  0.00830  0.99982
   0.00149  0.00677  0.98229
   0.00089  0.00524  0.93262
   0.00044  0.00371  0.84723
   0.00015  0.00220  0.72940
   0.00002  0.00072  0.58302
   0.00002 -0.00073  0.41391
   0.00015 -0.00220  0.22223
   0.00044 -0.00371  0.01755
   0.00089 -0.00524 -0.18839
   0.00149 -0.00677 -0.37753
   0.00226 -0.00830 -0.55288
   0.00319 -0.00982 -0.69573
   0.00429 -0.01134 -0.81585
   0.00555 -0.01284 -0.90974
   0.00698 -0.01434 -0.98126
   0.00858 -0.01584 -1.03365
   0.01037 -0.01733 -1.07095
   0.01235 -0.01883 -1.09509
   0.01455 -0.02034 -1.10941
   0.01698 -0.02187 -1.11586
   0.01968 -0.02342 -1.11446
   0.02266 -0.02500 -1.10831
   0.02598 -0.02661 -1.09949
   0.02969 -0.02827 -1.08509
   0.03382 -0.02997 -1.06839
   0.03846 -0.03173 -1.04947
   0.04366 -0.03353 -1.02887
   0.04949 -0.03539 -1.00611
   0.05601 -0.03729 -0.98265
   0.06327 -0.03922 -0.95764
   0.07128 -0.04116 -0.93279
   0.08002 -0.04308 -0.90703
   0.08944 -0.04494 -0.88175
   0.09945 -0.04674 -0.85755
   0.10998 -0.04843 -0.83310
   0.12093 -0.05001 -0.80973
   0.13223 -0.05147 -0.78727
   0.14380 -0.05280 -0.76525
   0.15560 -0.05401 -0.74440
   0.16758 -0.05509 -0.72403
   0.17971 -0.05605 -0.70429
   0.19198 -0.05689 -0.68567
   0.20435 -0.05762 -0.66687
   0.21683 -0.05824 -0.64899
   0.22938 -0.05877 -0.63197
   0.24201 -0.05919 -0.61452
   0.25471 -0.05952 -0.59820
   0.26746 -0.05977 -0.58186
   0.28027 -0.05993 -0.56626
   0.29313 -0.06001 -0.55048
   0.30603 -0.06001 -0.53535
   0.31898 -0.05994 -0.52059
   0.33196 -0.05979 -0.50607
   0.34497 -0.05958 -0.49156
   0.35802 -0.05931 -0.47739
   0.37109 -0.05897 -0.46399
   0.38420 -0.05858 -0.45042
   0.39733 -0.05813 -0.43695
   0.41048 -0.05762 -0.42383
   0.42365 -0.05707 -0.41093
   0.43684 -0.05646 -0.39848
   0.45006 -0.05580 -0.38584
   0.46329 -0.05510 -0.37345
   0.47653 -0.05436 -0.36165
   0.48980 -0.05357 -0.34953
   0.50307 -0.05275 -0.33797
   0.51636 -0.05188 -0.32617
   0.52966 -0.05097 -0.31480
   0.54298 -0.05003 -0.30345
   0.55630 -0.04906 -0.29243
   0.56963 -0.04805 -0.28142
   0.58297 -0.04701 -0.27030
   0.59632 -0.04594 -0.25944
   0.60967 -0.04483 -0.24877
   0.62303 -0.04370 -0.23816
   0.63640 -0.04254 -0.22741
   0.64977 -0.04135 -0.21717
   0.66315 -0.04013 -0.20600
   0.67653 -0.03888 -0.19589
   0.68991 -0.03761 -0.18535
   0.70329 -0.03632 -0.17449
   0.71668 -0.03500 -0.16422
   0.73006 -0.03365 -0.15321
   0.74345 -0.03228 -0.14260
   0.75683 -0.03089 -0.13147
   0.77022 -0.02947 -0.12052
   0.78360 -0.02803 -0.10889
   0.79698 -0.02657 -0.09762
   0.81036 -0.02508 -0.08560
   0.82373 -0.02357 -0.07320
   0.83709 -0.02203 -0.06075
   0.85045 -0.02047 -0.04706
   0.86379 -0.01889 -0.03335
   0.87711 -0.01729 -0.01852
   0.89040 -0.01567 -0.00316
   0.90364 -0.01402  0.01445
   0.91678 -0.01237  0.03223
   0.92976 -0.01071  0.05245
   0.94248 -0.00905  0.07515
   0.95476 -0.00744  0.10076
   0.96637 -0.00588  0.12937
   0.97707 -0.00443  0.16360
   0.98666 -0.00312  0.20780
   0.99505 -0.00195  0.26663
   1.00000 -0.00126  0.41948
