NACA 0012                                       
 Alfa =   0.00000 Re =        0.000 Xflap,Yflap =     0.000000    0.000000
#    x        y        Cp  
   1.00000  0.00126  0.41800
   0.99505  0.00195  0.27017
   0.98666  0.00312  0.21459
   0.97707  0.00443  0.17384
   0.96637  0.00588  0.14231
   0.95476  0.00744  0.11705
   0.94248  0.00905  0.09400
   0.92976  0.01071  0.07482
   0.91678  0.01237  0.05728
   0.90364  0.01402  0.04210
   0.89040  0.01567  0.02759
   0.87711  0.01729  0.01490
   0.86379  0.01889  0.00290
   0.85045  0.02047 -0.00859
   0.83709  0.02203 -0.01914
   0.82373  0.02357 -0.02933
   0.81036  0.02508 -0.03871
   0.79698  0.02657 -0.04806
   0.78360  0.02803 -0.05720
   0.77022  0.02947 -0.06547
   0.75683  0.03089 -0.07438
   0.74345  0.03228 -0.08245
   0.73006  0.03365 -0.09028
   0.71668  0.03500 -0.09858
   0.70329  0.03632 -0.10613
   0.68991  0.03761 -0.11401
   0.67653  0.03888 -0.12147
   0.66315  0.04013 -0.12907
   0.64977  0.04135 -0.13682
   0.63640  0.04254 -0.14416
   0.62303  0.04370 -0.15158
   0.60967  0.04483 -0.15906
   0.59632  0.04594 -0.16668
   0.58297  0.04701 -0.17391
   0.56963  0.04805 -0.18144
   0.55630  0.04906 -0.18896
   0.54298  0.05003 -0.19642
   0.52966  0.05097 -0.20392
   0.51636  0.05188 -0.21154
   0.50307  0.05275 -0.21896
   0.48980  0.05357 -0.22669
   0.47653  0.05436 -0.23431
   0.46329  0.05510 -0.24189
   0.45006  0.05580 -0.24959
   0.43684  0.05646 -0.25747
   0.42365  0.05707 -0.26463
   0.41048  0.05762 -0.27276
   0.39732  0.05813 -0.28043
   0.38420  0.05858 -0.28798
   0.37109  0.05897 -0.29595
   0.35802  0.05931 -0.30333
   0.34497  0.05958 -0.31129
   0.33196  0.05979 -0.31855
   0.31898  0.05994 -0.32635
   0.30603  0.06001 -0.33357
   0.29313  0.06001 -0.34095
   0.28027  0.05993 -0.34855
   0.26746  0.05977 -0.35514
   0.25471  0.05952 -0.36210
   0.24201  0.05919 -0.36912
   0.22938  0.05877 -0.37535
   0.21683  0.05824 -0.38178
   0.20435  0.05762 -0.38741
   0.19198  0.05689 -0.39307
   0.17971  0.05605 -0.39810
   0.16758  0.05509 -0.40242
   0.15560  0.05401 -0.40635
   0.14380  0.05280 -0.40953
   0.13223  0.05147 -0.41152
   0.12093  0.05001 -0.41291
   0.10998  0.04843 -0.41273
   0.09945  0.04674 -0.41142
   0.08944  0.04494 -0.40810
   0.08002  0.04308 -0.40304
   0.07128  0.04116 -0.39571
   0.06327  0.03922 -0.38660
   0.05601  0.03729 -0.37463
   0.04949  0.03539 -0.35978
   0.04366  0.03353 -0.34317
   0.03846  0.03173 -0.32243
   0.03382  0.02997 -0.29989
   0.02969  0.02827 -0.27318
   0.02598  0.02661 -0.24288
   0.02266  0.02500 -0.20862
   0.01968  0.02342 -0.16881
   0.01698  0.02187 -0.12429
   0.01455  0.02034 -0.07318
   0.01235  0.01883 -0.01569
   0.01037  0.01733  0.04964
   0.00858  0.01584  0.12411
   0.00698  0.01434  0.20784
   0.00555  0.01284  0.29965
   0.00429  0.01134  0.40089
   0.00319  0.00982  0.50829
   0.00226  0.00830  0.61950
   0.00149  0.00677  0.72816
   0.00089  0.00524  0.82720
   0.00044  0.00371  0.90982
   0.00015  0.00220  0.96717
   0.00002  0.00072  0.99640
   0.00002 -0.00073  0.99640
   0.00015 -0.00220  0.96722
   0.00044 -0.00371  0.90951
   0.00089 -0.00524  0.82691
   0.00149 -0.00677  0.72897
   0.00226 -0.00830  0.61842
   0.00319 -0.00982  0.50885
   0.00429 -0.01134  0.40056
   0.00555 -0.01284  0.29956
   0.00698 -0.01434  0.20715
   0.00858 -0.01584  0.12410
   0.01037 -0.01733  0.04988
   0.01235 -0.01883 -0.01555
   0.01455 -0.02034 -0.07351
   0.01698 -0.02187 -0.12471
   0.01968 -0.02342 -0.16891
   0.02266 -0.02500 -0.20799
   0.02598 -0.02661 -0.24360
   0.02969 -0.02827 -0.27332
   0.03382 -0.02997 -0.29972
   0.03846 -0.03173 -0.32291
   0.04366 -0.03353 -0.34313
   0.04949 -0.03539 -0.36007
   0.05601 -0.03729 -0.37478
   0.06327 -0.03922 -0.38635
   0.07128 -0.04116 -0.39611
   0.08002 -0.04308 -0.40293
   0.08944 -0.04494 -0.40795
   0.09945 -0.04674 -0.41161
   0.10998 -0.04843 -0.41286
   0.12093 -0.05001 -0.41293
   0.13223 -0.05147 -0.41184
   0.14380 -0.05280 -0.40944
   0.15560 -0.05401 -0.40646
   0.16758 -0.05509 -0.40249
   0.17971 -0.05605 -0.39796
   0.19198 -0.05689 -0.39320
   0.20435 -0.05762 -0.38745
   0.21683 -0.05824 -0.38159
   0.22938 -0.05877 -0.37574
   0.24201 -0.05919 -0.36887
   0.25471 -0.05952 -0.36241
   0.26746 -0.05977 -0.35532
   0.28027 -0.05993 -0.34844
   0.29313 -0.06001 -0.34096
   0.30603 -0.06001 -0.33368
   0.31898 -0.05994 -0.32626
   0.33196 -0.05979 -0.31881
   0.34497 -0.05958 -0.31108
   0.35802 -0.05931 -0.30325
   0.37109 -0.05897 -0.29604
   0.38420 -0.05858 -0.28823
   0.39733 -0.05813 -0.28047
   0.41048 -0.05762 -0.27263
   0.42365 -0.05707 -0.26492
   0.43684 -0.05646 -0.25751
   0.45006 -0.05580 -0.24954
   0.46329 -0.05510 -0.24182
   0.47653 -0.05436 -0.23442
   0.48980 -0.05357 -0.22665
   0.50307 -0.05275 -0.21919
   0.51636 -0.05188 -0.21148
   0.52966 -0.05097 -0.20402
   0.54298 -0.05003 -0.19633
   0.55630 -0.04906 -0.18901
   0.56963 -0.04805 -0.18161
   0.58297 -0.04701 -0.17402
   0.59632 -0.04594 -0.16648
   0.60967 -0.04483 -0.15910
   0.62303 -0.04370 -0.15176
   0.63640 -0.04254 -0.14412
   0.64977 -0.04135 -0.13696
   0.66315 -0.04013 -0.12893
   0.67653 -0.03888 -0.12157
   0.68991 -0.03761 -0.11408
   0.70329 -0.03632 -0.10607
   0.71668 -0.03500 -0.09868
   0.73006 -0.03365 -0.09043
   0.74345 -0.03228 -0.08244
   0.75683 -0.03089 -0.07416
   0.77022 -0.02947 -0.06580
   0.78360 -0.02803 -0.05701
   0.79698 -0.02657 -0.04822
   0.81036 -0.02508 -0.03895
   0.82373 -0.02357 -0.02923
   0.83709 -0.02203 -0.01935
   0.85045 -0.02047 -0.00838
   0.86379 -0.01889  0.00267
   0.87711 -0.01729  0.01496
   0.89040 -0.01567  0.02741
   0.90364 -0.01402  0.04219
   0.91678 -0.01237  0.05732
   0.92976 -0.01071  0.07446
   0.94248 -0.00905  0.09435
   0.95476 -0.00744  0.11682
   0.96637 -0.00588  0.14236
   0.97707 -0.00443  0.17339
   0.98666 -0.00312  0.21462
   0.99505 -0.00195  0.26982
   1.00000 -0.00126  0.41800
