NACA 0012                                       
 Alfa =   5.00000 Re =        0.000 Xflap,Yflap =     0.000000    0.000000
#    x        y        Cp  
   1.00000  0.00126  0.42260
   0.99505  0.00195  0.26674
   0.98666  0.00312  0.20581
   0.97707  0.00443  0.15998
   0.96637  0.00588  0.12290
   0.95476  0.00744  0.09297
   0.94248  0.00905  0.06486
   0.92976  0.01071  0.04064
   0.91678  0.01237  0.01834
   0.90364  0.01402 -0.00148
   0.89040  0.01567 -0.02060
   0.87711  0.01729 -0.03775
   0.86379  0.01889 -0.05436
   0.85045  0.02047 -0.07037
   0.83709  0.02203 -0.08514
   0.82373  0.02357 -0.10014
   0.81036  0.02508 -0.11366
   0.79698  0.02657 -0.12755
   0.78360  0.02803 -0.14098
   0.77022  0.02947 -0.15389
   0.75683  0.03089 -0.16743
   0.74345  0.03228 -0.17987
   0.73006  0.03365 -0.19248
   0.71668  0.03500 -0.20517
   0.70329  0.03632 -0.21776
   0.68991  0.03761 -0.23041
   0.67653  0.03888 -0.24272
   0.66315  0.04013 -0.25541
   0.64977  0.04135 -0.26807
   0.63640  0.04254 -0.28081
   0.62303  0.04370 -0.29352
   0.60967  0.04483 -0.30649
   0.59632  0.04594 -0.31964
   0.58297  0.04701 -0.33262
   0.56963  0.04805 -0.34612
   0.55630  0.04906 -0.35949
   0.54298  0.05003 -0.37335
   0.52966  0.05097 -0.38724
   0.51636  0.05188 -0.40154
   0.50307  0.05275 -0.41578
   0.48980  0.05357 -0.43057
   0.47653  0.05436 -0.44548
   0.46329  0.05510 -0.46070
   0.45006  0.05580 -0.47627
   0.43684  0.05646 -0.49228
   0.42365  0.05707 -0.50800
   0.41048  0.05762 -0.52491
   0.39732  0.05813 -0.54182
   0.38420  0.05858 -0.55906
   0.37109  0.05897 -0.57703
   0.35802  0.05931 -0.59489
   0.34497  0.05958 -0.61394
   0.33196  0.05979 -0.63276
   0.31898  0.05994 -0.65277
   0.30603  0.06001 -0.67272
   0.29313  0.06001 -0.69374
   0.28027  0.05993 -0.71567
   0.26746  0.05977 -0.73739
   0.25471  0.05952 -0.76046
   0.24201  0.05919 -0.78475
   0.22938  0.05877 -0.80921
   0.21683  0.05824 -0.83536
   0.20435  0.05762 -0.86205
   0.19198  0.05689 -0.89051
   0.17971  0.05605 -0.92014
   0.16758  0.05509 -0.95111
   0.15560  0.05401 -0.98416
   0.14380  0.05280 -1.01913
   0.13223  0.05147 -1.05597
   0.12093  0.05001 -1.09565
   0.10998  0.04843 -1.13751
   0.09945  0.04674 -1.18248
   0.08944  0.04494 -1.22980
   0.08002  0.04308 -1.27986
   0.07128  0.04116 -1.33208
   0.06327  0.03922 -1.38698
   0.05601  0.03729 -1.44278
   0.04949  0.03539 -1.49923
   0.04366  0.03353 -1.55755
   0.03846  0.03173 -1.61435
   0.03382  0.02997 -1.67280
   0.02969  0.02827 -1.72957
   0.02598  0.02661 -1.78563
   0.02266  0.02500 -1.84070
   0.01968  0.02342 -1.89193
   0.01698  0.02187 -1.94106
   0.01455  0.02034 -1.98459
   0.01235  0.01883 -2.02245
   0.01037  0.01733 -2.05078
   0.00858  0.01584 -2.06503
   0.00698  0.01434 -2.06217
   0.00555  0.01284 -2.03870
   0.00429  0.01134 -1.98448
   0.00319  0.00982 -1.89563
   0.00226  0.00830 -1.76383
   0.00149  0.00677 -1.58605
   0.00089  0.00524 -1.36455
   0.00044  0.00371 -1.10096
   0.00015  0.00220 -0.81735
   0.00002  0.00072 -0.52479
   0.00002 -0.00073 -0.24397
   0.00015 -0.00220  0.02539
   0.00044 -0.00371  0.27632
   0.00089 -0.00524  0.49723
   0.00149 -0.00677  0.67492
   0.00226 -0.00830  0.81289
   0.00319 -0.00982  0.90702
   0.00429 -0.01134  0.96570
   0.00555 -0.01284  0.99426
   0.00698 -0.01434  0.99943
   0.00858 -0.01584  0.98702
   0.01037 -0.01733  0.96176
   0.01235 -0.01883  0.92743
   0.01455 -0.02034  0.88672
   0.01698 -0.02187  0.84175
   0.01968 -0.02342  0.79434
   0.02266 -0.02500  0.74529
   0.02598 -0.02661  0.69474
   0.02969 -0.02827  0.64475
   0.03382 -0.02997  0.59472
   0.03846 -0.03173  0.54501
   0.04366 -0.03353  0.49615
   0.04949 -0.03539  0.44863
   0.05601 -0.03729  0.40231
   0.06327 -0.03922  0.35836
   0.07128 -0.04116  0.31630
   0.08002 -0.04308  0.27748
   0.08944 -0.04494  0.24147
   0.09945 -0.04674  0.20832
   0.10998 -0.04843  0.17888
   0.12093 -0.05001  0.15240
   0.13223 -0.05147  0.12882
   0.14380 -0.05280  0.10802
   0.15560 -0.05401  0.08948
   0.16758 -0.05509  0.07332
   0.17971 -0.05605  0.05890
   0.19198 -0.05689  0.04614
   0.20435 -0.05762  0.03515
   0.21683 -0.05824  0.02543
   0.22938 -0.05877  0.01664
   0.24201 -0.05919  0.00948
   0.25471 -0.05952  0.00275
   0.26746 -0.05977 -0.00266
   0.28027 -0.05993 -0.00763
   0.29313 -0.06001 -0.01155
   0.30603 -0.06001 -0.01512
   0.31898 -0.05994 -0.01792
   0.33196 -0.05979 -0.02036
   0.34497 -0.05958 -0.02220
   0.35802 -0.05931 -0.02337
   0.37109 -0.05897 -0.02497
   0.38420 -0.05858 -0.02542
   0.39733 -0.05813 -0.02591
   0.41048 -0.05762 -0.02569
   0.42365 -0.05707 -0.02555
   0.43684 -0.05646 -0.02549
   0.45006 -0.05580 -0.02440
   0.46329 -0.05510 -0.02354
   0.47653 -0.05436 -0.02268
   0.48980 -0.05357 -0.02135
   0.50307 -0.05275 -0.02002
   0.51636 -0.05188 -0.01842
   0.52966 -0.05097 -0.01685
   0.54298 -0.05003 -0.01467
   0.55630 -0.04906 -0.01295
   0.56963 -0.04805 -0.01102
   0.58297 -0.04701 -0.00881
   0.59632 -0.04594 -0.00634
   0.60967 -0.04483 -0.00400
   0.62303 -0.04370 -0.00169
   0.63640 -0.04254  0.00116
   0.64977 -0.04135  0.00356
   0.66315 -0.04013  0.00670
   0.67653 -0.03888  0.00978
   0.68991 -0.03761  0.01251
   0.70329 -0.03632  0.01606
   0.71668 -0.03500  0.01894
   0.73006 -0.03365  0.02282
   0.74345 -0.03228  0.02667
   0.75683 -0.03089  0.03043
   0.77022 -0.02947  0.03467
   0.78360 -0.02803  0.03894
   0.79698 -0.02657  0.04375
   0.81036 -0.02508  0.04861
   0.82373 -0.02357  0.05402
   0.83709 -0.02203  0.05972
   0.85045 -0.02047  0.06626
   0.86379 -0.01889  0.07297
   0.87711 -0.01729  0.08108
   0.89040 -0.01567  0.08876
   0.90364 -0.01402  0.09886
   0.91678 -0.01237  0.10956
   0.92976 -0.01071  0.12154
   0.94248 -0.00905  0.13667
   0.95476 -0.00744  0.15381
   0.96637 -0.00588  0.17406
   0.97707 -0.00443  0.19951
   0.98666 -0.00312  0.23538
   0.99505 -0.00195  0.28394
   1.00000 -0.00126  0.42260
