NACA 0012                                       
 Alfa =   2.00000 Re =        0.000 Xflap,Yflap =     0.000000    0.000000
#    x        y        Cp  
   1.00000  0.00126  0.41878
   0.99505  0.00195  0.26746
   0.98666  0.00312  0.20964
   0.97707  0.00443  0.16679
   0.96637  0.00588  0.13299
   0.95476  0.00744  0.10582
   0.94248  0.00905  0.08072
   0.92976  0.01071  0.05950
   0.91678  0.01237  0.04004
   0.90364  0.01402  0.02300
   0.89040  0.01567  0.00664
   0.87711  0.01729 -0.00784
   0.86379  0.01889 -0.02168
   0.85045  0.02047 -0.03497
   0.83709  0.02203 -0.04721
   0.82373  0.02357 -0.05931
   0.81036  0.02508 -0.07033
   0.79698  0.02657 -0.08149
   0.78360  0.02803 -0.09233
   0.77022  0.02947 -0.10243
   0.75683  0.03089 -0.11317
   0.74345  0.03228 -0.12297
   0.73006  0.03365 -0.13268
   0.71668  0.03500 -0.14272
   0.70329  0.03632 -0.15225
   0.68991  0.03761 -0.16201
   0.67653  0.03888 -0.17137
   0.66315  0.04013 -0.18097
   0.64977  0.04135 -0.19064
   0.63640  0.04254 -0.20009
   0.62303  0.04370 -0.20959
   0.60967  0.04483 -0.21921
   0.59632  0.04594 -0.22899
   0.58297  0.04701 -0.23846
   0.56963  0.04805 -0.24831
   0.55630  0.04906 -0.25811
   0.54298  0.05003 -0.26805
   0.52966  0.05097 -0.27804
   0.51636  0.05188 -0.28824
   0.50307  0.05275 -0.29831
   0.48980  0.05357 -0.30876
   0.47653  0.05436 -0.31920
   0.46329  0.05510 -0.32973
   0.45006  0.05580 -0.34046
   0.43684  0.05646 -0.35146
   0.42365  0.05707 -0.36191
   0.41048  0.05762 -0.37341
   0.39732  0.05813 -0.38462
   0.38420  0.05858 -0.39587
   0.37109  0.05897 -0.40766
   0.35802  0.05931 -0.41903
   0.34497  0.05958 -0.43122
   0.33196  0.05979 -0.44286
   0.31898  0.05994 -0.45529
   0.30603  0.06001 -0.46732
   0.29313  0.06001 -0.47985
   0.28027  0.05993 -0.49285
   0.26746  0.05977 -0.50512
   0.25471  0.05952 -0.51812
   0.24201  0.05919 -0.53159
   0.22938  0.05877 -0.54462
   0.21683  0.05824 -0.55838
   0.20435  0.05762 -0.57180
   0.19198  0.05689 -0.58588
   0.17971  0.05605 -0.59995
   0.16758  0.05509 -0.61403
   0.15560  0.05401 -0.62858
   0.14380  0.05280 -0.64330
   0.13223  0.05147 -0.65787
   0.12093  0.05001 -0.67301
   0.10998  0.04843 -0.68782
   0.09945  0.04674 -0.70292
   0.08944  0.04494 -0.71740
   0.08002  0.04308 -0.73157
   0.07128  0.04116 -0.74482
   0.06327  0.03922 -0.75762
   0.05601  0.03729 -0.76859
   0.04949  0.03539 -0.77758
   0.04366  0.03353 -0.78573
   0.03846  0.03173 -0.79022
   0.03382  0.02997 -0.79366
   0.02969  0.02827 -0.79325
   0.02598  0.02661 -0.78963
   0.02266  0.02500 -0.78237
   0.01968  0.02342 -0.76929
   0.01698  0.02187 -0.75145
   0.01455  0.02034 -0.72620
   0.01235  0.01883 -0.69346
   0.01037  0.01733 -0.65070
   0.00858  0.01584 -0.59523
   0.00698  0.01434 -0.52563
   0.00555  0.01284 -0.44132
   0.00429  0.01134 -0.33761
   0.00319  0.00982 -0.21542
   0.00226  0.00830 -0.07352
   0.00149  0.00677  0.08411
   0.00089  0.00524  0.25115
   0.00044  0.00371  0.42129
   0.00015  0.00220  0.57930
   0.00002  0.00072  0.71861
   0.00002 -0.00073  0.83143
   0.00015 -0.00220  0.91786
   0.00044 -0.00371  0.97440
   0.00089 -0.00524  0.99884
   0.00149 -0.00677  0.99289
   0.00226 -0.00830  0.96090
   0.00319 -0.00982  0.91076
   0.00429 -0.01134  0.84730
   0.00555 -0.01284  0.77701
   0.00698 -0.01434  0.70383
   0.00858 -0.01584  0.63081
   0.01037 -0.01733  0.55961
   0.01235 -0.01883  0.49162
   0.01455 -0.02034  0.42704
   0.01698 -0.02187  0.36619
   0.01968 -0.02342  0.30975
   0.02266 -0.02500  0.25682
   0.02598 -0.02661  0.20633
   0.02969 -0.02827  0.16046
   0.03382 -0.02997  0.11733
   0.03846 -0.03173  0.07693
   0.04366 -0.03353  0.03929
   0.04949 -0.03539  0.00472
   0.05601 -0.03729 -0.02748
   0.06327 -0.03922 -0.05634
   0.07128 -0.04116 -0.08288
   0.08002 -0.04308 -0.10590
   0.08944 -0.04494 -0.12629
   0.09945 -0.04674 -0.14433
   0.10998 -0.04843 -0.15909
   0.12093 -0.05001 -0.17166
   0.13223 -0.05147 -0.18211
   0.14380 -0.05280 -0.19045
   0.15560 -0.05401 -0.19735
   0.16758 -0.05509 -0.20254
   0.17971 -0.05605 -0.20658
   0.19198 -0.05689 -0.20969
   0.20435 -0.05762 -0.21141
   0.21683 -0.05824 -0.21247
   0.22938 -0.05877 -0.21310
   0.24201 -0.05919 -0.21239
   0.25471 -0.05952 -0.21171
   0.26746 -0.05977 -0.21008
   0.28027 -0.05993 -0.20835
   0.29313 -0.06001 -0.20582
   0.30603 -0.06001 -0.20322
   0.31898 -0.05994 -0.20021
   0.33196 -0.05979 -0.19701
   0.34497 -0.05958 -0.19338
   0.35802 -0.05931 -0.18940
   0.37109 -0.05897 -0.18595
   0.38420 -0.05858 -0.18165
   0.39733 -0.05813 -0.17740
   0.41048 -0.05762 -0.17279
   0.42365 -0.05707 -0.16828
   0.43684 -0.05646 -0.16398
   0.45006 -0.05580 -0.15890
   0.46329 -0.05510 -0.15407
   0.47653 -0.05436 -0.14942
   0.48980 -0.05357 -0.14435
   0.50307 -0.05275 -0.13946
   0.51636 -0.05188 -0.13431
   0.52966 -0.05097 -0.12931
   0.54298 -0.05003 -0.12391
   0.55630 -0.04906 -0.11893
   0.56963 -0.04805 -0.11380
   0.58297 -0.04701 -0.10845
   0.59632 -0.04594 -0.10301
   0.60967 -0.04483 -0.09772
   0.62303 -0.04370 -0.09246
   0.63640 -0.04254 -0.08680
   0.64977 -0.04135 -0.08161
   0.66315 -0.04013 -0.07559
   0.67653 -0.03888 -0.06999
   0.68991 -0.03761 -0.06447
   0.70329 -0.03632 -0.05829
   0.71668 -0.03500 -0.05275
   0.73006 -0.03365 -0.04629
   0.74345 -0.03228 -0.03999
   0.75683 -0.03089 -0.03356
   0.77022 -0.02947 -0.02689
   0.78360 -0.02803 -0.01994
   0.79698 -0.02657 -0.01277
   0.81036 -0.02508 -0.00529
   0.82373 -0.02357  0.00268
   0.83709 -0.02203  0.01086
   0.85045 -0.02047  0.02003
   0.86379 -0.01889  0.02933
   0.87711 -0.01729  0.03993
   0.89040 -0.01567  0.05046
   0.90364 -0.01402  0.06336
   0.91678 -0.01237  0.07671
   0.92976 -0.01071  0.09178
   0.94248 -0.00905  0.10977
   0.95476 -0.00744  0.13013
   0.96637 -0.00588  0.15357
   0.97707 -0.00443  0.18240
   0.98666 -0.00312  0.22154
   0.99505 -0.00195  0.27416
   1.00000 -0.00126  0.41878
