NACA 0012                                       
 Alfa =   3.00000 Re =        0.000 Xflap,Yflap =     0.000000    0.000000
#    x        y        Cp  
   1.00000  0.00126  0.41970
   0.99505  0.00195  0.26677
   0.98666  0.00312  0.20788
   0.97707  0.00443  0.16401
   0.96637  0.00588  0.12910
   0.95476  0.00744  0.10100
   0.94248  0.00905  0.07488
   0.92976  0.01071  0.05266
   0.91678  0.01237  0.03224
   0.90364  0.01402  0.01427
   0.89040  0.01567 -0.00301
   0.87711  0.01729 -0.01838
   0.86379  0.01889 -0.03315
   0.85045  0.02047 -0.04734
   0.83709  0.02203 -0.06043
   0.82373  0.02357 -0.07349
   0.81036  0.02508 -0.08534
   0.79698  0.02657 -0.09741
   0.78360  0.02803 -0.10910
   0.77022  0.02947 -0.12014
   0.75683  0.03089 -0.13181
   0.74345  0.03228 -0.14248
   0.73006  0.03365 -0.15315
   0.71668  0.03500 -0.16407
   0.70329  0.03632 -0.17460
   0.68991  0.03761 -0.18532
   0.67653  0.03888 -0.19565
   0.66315  0.04013 -0.20627
   0.64977  0.04135 -0.21692
   0.63640  0.04254 -0.22746
   0.62303  0.04370 -0.23801
   0.60967  0.04483 -0.24873
   0.59632  0.04594 -0.25962
   0.58297  0.04701 -0.27024
   0.56963  0.04805 -0.28129
   0.55630  0.04906 -0.29226
   0.54298  0.05003 -0.30348
   0.52966  0.05097 -0.31475
   0.51636  0.05188 -0.32629
   0.50307  0.05275 -0.33772
   0.48980  0.05357 -0.34959
   0.47653  0.05436 -0.36148
   0.46329  0.05510 -0.37354
   0.45006  0.05580 -0.38585
   0.43684  0.05646 -0.39848
   0.42365  0.05707 -0.41065
   0.41048  0.05762 -0.42390
   0.39732  0.05813 -0.43696
   0.38420  0.05858 -0.45016
   0.37109  0.05897 -0.46394
   0.35802  0.05931 -0.47742
   0.34497  0.05958 -0.49182
   0.33196  0.05979 -0.50578
   0.31898  0.05994 -0.52066
   0.30603  0.06001 -0.53524
   0.29313  0.06001 -0.55049
   0.28027  0.05993 -0.56636
   0.26746  0.05977 -0.58166
   0.25471  0.05952 -0.59789
   0.24201  0.05919 -0.61482
   0.22938  0.05877 -0.63149
   0.21683  0.05824 -0.64920
   0.20435  0.05762 -0.66685
   0.19198  0.05689 -0.68549
   0.17971  0.05605 -0.70449
   0.16758  0.05509 -0.72390
   0.15560  0.05401 -0.74428
   0.14380  0.05280 -0.76537
   0.13223  0.05147 -0.78691
   0.12093  0.05001 -0.80972
   0.10998  0.04843 -0.83296
   0.09945  0.04674 -0.85732
   0.08944  0.04494 -0.88194
   0.08002  0.04308 -0.90715
   0.07128  0.04116 -0.93232
   0.06327  0.03922 -0.95794
   0.05601  0.03729 -0.98248
   0.04949  0.03539 -1.00575
   0.04366  0.03353 -1.02890
   0.03846  0.03173 -1.04892
   0.03382  0.02997 -1.06858
   0.02969  0.02827 -1.08488
   0.02598  0.02661 -1.09856
   0.02266  0.02500 -1.10918
   0.01968  0.02342 -1.11434
   0.01698  0.02187 -1.11525
   0.01455  0.02034 -1.10894
   0.01235  0.01883 -1.09530
   0.01037  0.01733 -1.07130
   0.00858  0.01584 -1.03360
   0.00698  0.01434 -0.98018
   0.00555  0.01284 -0.90956
   0.00429  0.01134 -0.81527
   0.00319  0.00982 -0.69679
   0.00226  0.00830 -0.55077
   0.00149  0.00677 -0.37929
   0.00089  0.00524 -0.18773
   0.00044  0.00371  0.01864
   0.00015  0.00220  0.22196
   0.00002  0.00072  0.41399
   0.00002 -0.00073  0.58305
   0.00015 -0.00220  0.72927
   0.00044 -0.00371  0.84761
   0.00089 -0.00524  0.93282
   0.00149 -0.00677  0.98207
   0.00226 -0.00830  0.99985
   0.00319 -0.00982  0.99049
   0.00429 -0.01134  0.96047
   0.00555 -0.01284  0.91612
   0.00698 -0.01434  0.86248
   0.00858 -0.01584  0.80360
   0.01037 -0.01733  0.74221
   0.01235 -0.01883  0.68045
   0.01455 -0.02034  0.61933
   0.01698 -0.02187  0.55972
   0.01968 -0.02342  0.50263
   0.02266 -0.02500  0.44771
   0.02598 -0.02661  0.39422
   0.02969 -0.02827  0.34430
   0.03382 -0.02997  0.29643
   0.03846 -0.03173  0.25072
   0.04366 -0.03353  0.20735
   0.04949 -0.03539  0.16666
   0.05601 -0.03729  0.12812
   0.06327 -0.03922  0.09278
   0.07128 -0.04116  0.05977
   0.08002 -0.04308  0.03035
   0.08944 -0.04494  0.00375
   0.09945 -0.04674 -0.02019
   0.10998 -0.04843 -0.04060
   0.12093 -0.05001 -0.05846
   0.13223 -0.05147 -0.07385
   0.14380 -0.05280 -0.08684
   0.15560 -0.05401 -0.09804
   0.16758 -0.05509 -0.10727
   0.17971 -0.05605 -0.11510
   0.19198 -0.05689 -0.12172
   0.20435 -0.05762 -0.12679
   0.21683 -0.05824 -0.13097
   0.22938 -0.05877 -0.13452
   0.24201 -0.05919 -0.13663
   0.25471 -0.05952 -0.13859
   0.26746 -0.05977 -0.13946
   0.28027 -0.05993 -0.14011
   0.29313 -0.06001 -0.13985
   0.30603 -0.06001 -0.13943
   0.31898 -0.05994 -0.13847
   0.33196 -0.05979 -0.13725
   0.34497 -0.05958 -0.13554
   0.35802 -0.05931 -0.13336
   0.37109 -0.05897 -0.13167
   0.38420 -0.05858 -0.12902
   0.39733 -0.05813 -0.12643
   0.41048 -0.05762 -0.12334
   0.42365 -0.05707 -0.12035
   0.43684 -0.05646 -0.11752
   0.45006 -0.05580 -0.11382
   0.46329 -0.05510 -0.11036
   0.47653 -0.05436 -0.10702
   0.48980 -0.05357 -0.10324
   0.50307 -0.05275 -0.09958
   0.51636 -0.05188 -0.09565
   0.52966 -0.05097 -0.09183
   0.54298 -0.05003 -0.08753
   0.55630 -0.04906 -0.08367
   0.56963 -0.04805 -0.07964
   0.58297 -0.04701 -0.07537
   0.59632 -0.04594 -0.07094
   0.60967 -0.04483 -0.06666
   0.62303 -0.04370 -0.06241
   0.63640 -0.04254 -0.05771
   0.64977 -0.04135 -0.05347
   0.66315 -0.04013 -0.04843
   0.67653 -0.03888 -0.04369
   0.68991 -0.03761 -0.03912
   0.70329 -0.03632 -0.03383
   0.71668 -0.03500 -0.02920
   0.73006 -0.03365 -0.02361
   0.74345 -0.03228 -0.01814
   0.75683 -0.03089 -0.01262
   0.77022 -0.02947 -0.00677
   0.78360 -0.02803 -0.00072
   0.79698 -0.02657  0.00565
   0.81036 -0.02508  0.01224
   0.82373 -0.02357  0.01935
   0.83709 -0.02203  0.02669
   0.85045 -0.02047  0.03498
   0.86379 -0.01889  0.04341
   0.87711 -0.01729  0.05317
   0.89040 -0.01567  0.06275
   0.90364 -0.01402  0.07471
   0.91678 -0.01237  0.08718
   0.92976 -0.01071  0.10121
   0.94248 -0.00905  0.11825
   0.95476 -0.00744  0.13753
   0.96637 -0.00588  0.15992
   0.97707 -0.00443  0.18763
   0.98666 -0.00312  0.22570
   0.99505 -0.00195  0.27699
   1.00000 -0.00126  0.41970
