NACA 0012                                       
 Alfa =   1.00000 Re =        0.000 Xflap,Yflap =     0.000000    0.000000
#    x        y        Cp  
   1.00000  0.00126  0.41821
   0.99505  0.00195  0.26859
   0.98666  0.00312  0.21188
   0.97707  0.00443  0.17007
   0.96637  0.00588  0.13739
   0.95476  0.00744  0.11118
   0.94248  0.00905  0.08709
   0.92976  0.01071  0.06689
   0.91678  0.01237  0.04839
   0.90364  0.01402  0.03228
   0.89040  0.01567  0.01684
   0.87711  0.01729  0.00326
   0.86379  0.01889 -0.00966
   0.85045  0.02047 -0.02205
   0.83709  0.02203 -0.03345
   0.82373  0.02357 -0.04459
   0.81036  0.02508 -0.05478
   0.79698  0.02657 -0.06503
   0.78360  0.02803 -0.07502
   0.77022  0.02947 -0.08420
   0.75683  0.03089 -0.09403
   0.74345  0.03228 -0.10295
   0.73006  0.03365 -0.11172
   0.71668  0.03500 -0.12089
   0.70329  0.03632 -0.12941
   0.68991  0.03761 -0.13823
   0.67653  0.03888 -0.14663
   0.66315  0.04013 -0.15522
   0.64977  0.04135 -0.16393
   0.63640  0.04254 -0.17231
   0.62303  0.04370 -0.18077
   0.60967  0.04483 -0.18930
   0.59632  0.04594 -0.19799
   0.58297  0.04701 -0.20634
   0.56963  0.04805 -0.21501
   0.55630  0.04906 -0.22366
   0.54298  0.05003 -0.23235
   0.52966  0.05097 -0.24108
   0.51636  0.05188 -0.24998
   0.50307  0.05275 -0.25870
   0.48980  0.05357 -0.26778
   0.47653  0.05436 -0.27679
   0.46329  0.05510 -0.28582
   0.45006  0.05580 -0.29502
   0.43684  0.05646 -0.30444
   0.42365  0.05707 -0.31322
   0.41048  0.05762 -0.32301
   0.39732  0.05813 -0.33242
   0.38420  0.05858 -0.34179
   0.37109  0.05897 -0.35164
   0.35802  0.05931 -0.36098
   0.34497  0.05958 -0.37102
   0.33196  0.05979 -0.38042
   0.31898  0.05994 -0.39050
   0.30603  0.06001 -0.40007
   0.29313  0.06001 -0.40997
   0.28027  0.05993 -0.42022
   0.26746  0.05977 -0.42958
   0.25471  0.05952 -0.43949
   0.24201  0.05919 -0.44966
   0.22938  0.05877 -0.45920
   0.21683  0.05824 -0.46920
   0.20435  0.05762 -0.47862
   0.19198  0.05689 -0.48837
   0.17971  0.05605 -0.49778
   0.16758  0.05509 -0.50682
   0.15560  0.05401 -0.51589
   0.14380  0.05280 -0.52464
   0.13223  0.05147 -0.53268
   0.12093  0.05001 -0.54068
   0.10998  0.04843 -0.54769
   0.09945  0.04674 -0.55422
   0.08944  0.04494 -0.55939
   0.08002  0.04308 -0.56347
   0.07128  0.04116 -0.56587
   0.06327  0.03922 -0.56709
   0.05601  0.03729 -0.56589
   0.04949  0.03539 -0.56217
   0.04366  0.03353 -0.55706
   0.03846  0.03173 -0.54796
   0.03382  0.02997 -0.53733
   0.02969  0.02827 -0.52257
   0.02598  0.02661 -0.50429
   0.02266  0.02500 -0.48206
   0.01968  0.02342 -0.45399
   0.01698  0.02187 -0.42100
   0.01455  0.02034 -0.38080
   0.01235  0.01883 -0.33344
   0.01037  0.01733 -0.27690
   0.00858  0.01584 -0.20917
   0.00698  0.01434 -0.12946
   0.00555  0.01284 -0.03809
   0.00429  0.01134  0.06794
   0.00319  0.00982  0.18643
   0.00226  0.00830  0.31673
   0.00149  0.00677  0.45341
   0.00089  0.00524  0.58960
   0.00044  0.00371  0.71847
   0.00015  0.00220  0.82781
   0.00002  0.00072  0.91282
   0.00002 -0.00073  0.96927
   0.00015 -0.00220  0.99721
   0.00044 -0.00371  0.99504
   0.00089 -0.00524  0.96352
   0.00149 -0.00677  0.90849
   0.00226 -0.00830  0.83371
   0.00319 -0.00982  0.75015
   0.00429 -0.01134  0.66059
   0.00555 -0.01284  0.57140
   0.00698 -0.01434  0.48530
   0.00858 -0.01584  0.40421
   0.01037 -0.01733  0.32874
   0.01235 -0.01883  0.25953
   0.01455 -0.02034  0.19600
   0.01698 -0.02187  0.13795
   0.01968 -0.02342  0.08581
   0.02266 -0.02500  0.03816
   0.02598 -0.02661 -0.00637
   0.02969 -0.02827 -0.04550
   0.03382 -0.02997 -0.08147
   0.03846 -0.03173 -0.11436
   0.04366 -0.03353 -0.14428
   0.04949 -0.03539 -0.17093
   0.05601 -0.03729 -0.19519
   0.06327 -0.03922 -0.21612
   0.07128 -0.04116 -0.23490
   0.08002 -0.04308 -0.25039
   0.08944 -0.04494 -0.26358
   0.09945 -0.04674 -0.27485
   0.10998 -0.04843 -0.28323
   0.12093 -0.05001 -0.28987
   0.13223 -0.05147 -0.29482
   0.14380 -0.05280 -0.29803
   0.15560 -0.05401 -0.30020
   0.16758 -0.05509 -0.30099
   0.17971 -0.05605 -0.30091
   0.19198 -0.05689 -0.30022
   0.20435 -0.05762 -0.29834
   0.21683 -0.05824 -0.29605
   0.22938 -0.05877 -0.29353
   0.24201 -0.05919 -0.28984
   0.25471 -0.05952 -0.28635
   0.26746 -0.05977 -0.28206
   0.28027 -0.05993 -0.27783
   0.29313 -0.06001 -0.27288
   0.30603 -0.06001 -0.26800
   0.31898 -0.05994 -0.26283
   0.33196 -0.05979 -0.25755
   0.34497 -0.05958 -0.25192
   0.35802 -0.05931 -0.24606
   0.37109 -0.05897 -0.24076
   0.38420 -0.05858 -0.23474
   0.39733 -0.05813 -0.22877
   0.41048 -0.05762 -0.22257
   0.42365 -0.05707 -0.21649
   0.43684 -0.05646 -0.21066
   0.45006 -0.05580 -0.20416
   0.46329 -0.05510 -0.19791
   0.47653 -0.05436 -0.19191
   0.48980 -0.05357 -0.18550
   0.50307 -0.05275 -0.17935
   0.51636 -0.05188 -0.17293
   0.52966 -0.05097 -0.16672
   0.54298 -0.05003 -0.16019
   0.55630 -0.04906 -0.15405
   0.56963 -0.04805 -0.14780
   0.58297 -0.04701 -0.14135
   0.59632 -0.04594 -0.13487
   0.60967 -0.04483 -0.12854
   0.62303 -0.04370 -0.12225
   0.63640 -0.04254 -0.11561
   0.64977 -0.04135 -0.10945
   0.66315 -0.04013 -0.10244
   0.67653 -0.03888 -0.09596
   0.68991 -0.03761 -0.08946
   0.70329 -0.03632 -0.08237
   0.71668 -0.03500 -0.07592
   0.73006 -0.03365 -0.06857
   0.74345 -0.03228 -0.06143
   0.75683 -0.03089 -0.05409
   0.77022 -0.02947 -0.04657
   0.78360 -0.02803 -0.03871
   0.79698 -0.02657 -0.03073
   0.81036 -0.02508 -0.02236
   0.82373 -0.02357 -0.01352
   0.83709 -0.02203 -0.00450
   0.85045 -0.02047  0.00557
   0.86379 -0.01889  0.01574
   0.87711 -0.01729  0.02719
   0.89040 -0.01567  0.03867
   0.90364 -0.01402  0.05252
   0.91678 -0.01237  0.06676
   0.92976 -0.01071  0.08286
   0.94248 -0.00905  0.10180
   0.95476 -0.00744  0.12322
   0.96637 -0.00588  0.14772
   0.97707 -0.00443  0.17765
   0.98666 -0.00312  0.21785
   0.99505 -0.00195  0.27177
   1.00000 -0.00126  0.41821
