NACA 0012                                       
 Alfa =   6.00000 Re =        0.000 Xflap,Yflap =     0.000000    0.000000
#    x        y        Cp  
   1.00000  0.00126  0.42457
   0.99505  0.00195  0.26739
   0.98666  0.00312  0.20550
   0.97707  0.00443  0.15873
   0.96637  0.00588  0.12059
   0.95476  0.00744  0.08977
   0.94248  0.00905  0.06069
   0.92976  0.01071  0.03548
   0.91678  0.01237  0.01225
   0.90364  0.01402 -0.00848
   0.89040  0.01567 -0.02852
   0.87711  0.01729 -0.04655
   0.86379  0.01889 -0.06408
   0.85045  0.02047 -0.08099
   0.83709  0.02203 -0.09661
   0.82373  0.02357 -0.11257
   0.81036  0.02508 -0.12693
   0.79698  0.02657 -0.14174
   0.78360  0.02803 -0.15604
   0.77022  0.02947 -0.16989
   0.75683  0.03089 -0.18437
   0.74345  0.03228 -0.19770
   0.73006  0.03365 -0.21129
   0.71668  0.03500 -0.22489
   0.70329  0.03632 -0.23851
   0.68991  0.03761 -0.25215
   0.67653  0.03888 -0.26545
   0.66315  0.04013 -0.27920
   0.64977  0.04135 -0.29287
   0.63640  0.04254 -0.30673
   0.62303  0.04370 -0.32054
   0.60967  0.04483 -0.33466
   0.59632  0.04594 -0.34896
   0.58297  0.04701 -0.36314
   0.56963  0.04805 -0.37790
   0.55630  0.04906 -0.39250
   0.54298  0.05003 -0.40770
   0.52966  0.05097 -0.42294
   0.51636  0.05188 -0.43865
   0.50307  0.05275 -0.45434
   0.48980  0.05357 -0.47062
   0.47653  0.05436 -0.48708
   0.46329  0.05510 -0.50393
   0.45006  0.05580 -0.52119
   0.43684  0.05646 -0.53894
   0.42365  0.05707 -0.55650
   0.41048  0.05762 -0.57530
   0.39732  0.05813 -0.59421
   0.38420  0.05858 -0.61355
   0.37109  0.05897 -0.63369
   0.35802  0.05931 -0.65383
   0.34497  0.05958 -0.67531
   0.33196  0.05979 -0.69666
   0.31898  0.05994 -0.71937
   0.30603  0.06001 -0.74212
   0.29313  0.06001 -0.76616
   0.28027  0.05993 -0.79128
   0.26746  0.05977 -0.81638
   0.25471  0.05952 -0.84307
   0.24201  0.05919 -0.87124
   0.22938  0.05877 -0.89983
   0.21683  0.05824 -0.93047
   0.20435  0.05762 -0.96198
   0.19198  0.05689 -0.99568
   0.17971  0.05605 -1.03100
   0.16758  0.05509 -1.06817
   0.15560  0.05401 -1.10805
   0.14380  0.05280 -1.15052
   0.13223  0.05147 -1.19565
   0.12093  0.05001 -1.24452
   0.10998  0.04843 -1.29656
   0.09945  0.04674 -1.35285
   0.08944  0.04494 -1.41269
   0.08002  0.04308 -1.47655
   0.07128  0.04116 -1.54386
   0.06327  0.03922 -1.61518
   0.05601  0.03729 -1.68864
   0.04949  0.03539 -1.76394
   0.04366  0.03353 -1.84238
   0.03846  0.03173 -1.92039
   0.03382  0.02997 -2.00137
   0.02969  0.02827 -2.08183
   0.02598  0.02661 -2.16294
   0.02266  0.02500 -2.24450
   0.01968  0.02342 -2.32353
   0.01698  0.02187 -2.40207
   0.01455  0.02034 -2.47641
   0.01235  0.01883 -2.54662
   0.01037  0.01733 -2.60846
   0.00858  0.01584 -2.65685
   0.00698  0.01434 -2.68829
   0.00555  0.01284 -2.69822
   0.00429  0.01134 -2.67460
   0.00319  0.00982 -2.61163
   0.00226  0.00830 -2.49817
   0.00149  0.00677 -2.32792
   0.00089  0.00524 -2.10105
   0.00044  0.00371 -1.81655
   0.00015  0.00220 -1.49806
   0.00002  0.00072 -1.15783
   0.00002 -0.00073 -0.82160
   0.00015 -0.00220 -0.48903
   0.00044 -0.00371 -0.16747
   0.00089 -0.00524  0.12818
   0.00149 -0.00677  0.37897
   0.00226 -0.00830  0.58722
   0.00319 -0.00982  0.74392
   0.00429 -0.01134  0.85776
   0.00555 -0.01284  0.93319
   0.00698 -0.01434  0.97757
   0.00858 -0.01584  0.99742
   0.01037 -0.01733  0.99845
   0.01235 -0.01883  0.98529
   0.01455 -0.02034  0.96151
   0.01698 -0.02187  0.92991
   0.01968 -0.02342  0.89282
   0.02266 -0.02500  0.85162
   0.02598 -0.02661  0.80699
   0.02969 -0.02827  0.76100
   0.03382 -0.02997  0.71353
   0.03846 -0.03173  0.66515
   0.04366 -0.03353  0.61654
   0.04949 -0.03539  0.56832
   0.05601 -0.03729  0.52056
   0.06327 -0.03922  0.47450
   0.07128 -0.04116  0.42986
   0.08002 -0.04308  0.38806
   0.08944 -0.04494  0.34885
   0.09945 -0.04674  0.31241
   0.10998 -0.04843  0.27960
   0.12093 -0.05001  0.24980
   0.13223 -0.05147  0.22298
   0.14380 -0.05280  0.19902
   0.15560 -0.05401  0.17746
   0.16758 -0.05509  0.15841
   0.17971 -0.05605  0.14120
   0.19198 -0.05689  0.12581
   0.20435 -0.05762  0.11227
   0.21683 -0.05824  0.10013
   0.22938 -0.05877  0.08904
   0.24201 -0.05919  0.07965
   0.25471 -0.05952  0.07080
   0.26746 -0.05977  0.06336
   0.28027 -0.05993  0.05644
   0.29313 -0.06001  0.05063
   0.30603 -0.06001  0.04526
   0.31898 -0.05994  0.04073
   0.33196 -0.05979  0.03662
   0.34497 -0.05958  0.03315
   0.35802 -0.05931  0.03043
   0.37109 -0.05897  0.02732
   0.38420 -0.05858  0.02544
   0.39733 -0.05813  0.02351
   0.41048 -0.05762  0.02239
   0.42365 -0.05707  0.02121
   0.43684 -0.05646  0.01996
   0.45006 -0.05580  0.01984
   0.46329 -0.05510  0.01946
   0.47653 -0.05436  0.01916
   0.48980 -0.05357  0.01934
   0.50307 -0.05275  0.01956
   0.51636 -0.05188  0.02006
   0.52966 -0.05097  0.02056
   0.54298 -0.05003  0.02174
   0.55630 -0.04906  0.02243
   0.56963 -0.04805  0.02336
   0.58297 -0.04701  0.02458
   0.59632 -0.04594  0.02612
   0.60967 -0.04483  0.02753
   0.62303 -0.04370  0.02891
   0.63640 -0.04254  0.03087
   0.64977 -0.04135  0.03238
   0.66315 -0.04013  0.03461
   0.67653 -0.03888  0.03689
   0.68991 -0.03761  0.03873
   0.70329 -0.03632  0.04144
   0.71668 -0.03500  0.04346
   0.73006 -0.03365  0.04652
   0.74345 -0.03228  0.04958
   0.75683 -0.03089  0.05249
   0.77022 -0.02947  0.05593
   0.78360 -0.02803  0.05934
   0.79698 -0.02657  0.06339
   0.81036 -0.02508  0.06741
   0.82373 -0.02357  0.07198
   0.83709 -0.02203  0.07688
   0.85045 -0.02047  0.08255
   0.86379 -0.01889  0.08842
   0.87711 -0.01729  0.09571
   0.89040 -0.01567  0.10247
   0.90364 -0.01402  0.11164
   0.91678 -0.01237  0.12146
   0.92976 -0.01071  0.13242
   0.94248 -0.00905  0.14659
   0.95476 -0.00744  0.16266
   0.96637 -0.00588  0.18184
   0.97707 -0.00443  0.20615
   0.98666 -0.00312  0.24090
   0.99505 -0.00195  0.28806
   1.00000 -0.00126  0.42457
