NACA 0012                                       
 Alfa =   4.00000 Re =        0.000 Xflap,Yflap =     0.000000    0.000000
#    x        y        Cp  
   1.00000  0.00126  0.42097
   0.99505  0.00195  0.26653
   0.98666  0.00312  0.20661
   0.97707  0.00443  0.16174
   0.96637  0.00588  0.12574
   0.95476  0.00744  0.09672
   0.94248  0.00905  0.06959
   0.92976  0.01071  0.04637
   0.91678  0.01237  0.02501
   0.90364  0.01402  0.00611
   0.89040  0.01567 -0.01210
   0.87711  0.01729 -0.02836
   0.86379  0.01889 -0.04405
   0.85045  0.02047 -0.05915
   0.83709  0.02203 -0.07308
   0.82373  0.02357 -0.08710
   0.81036  0.02508 -0.09979
   0.79698  0.02657 -0.11277
   0.78360  0.02803 -0.12533
   0.77022  0.02947 -0.13730
   0.75683  0.03089 -0.14990
   0.74345  0.03228 -0.16145
   0.73006  0.03365 -0.17309
   0.71668  0.03500 -0.18489
   0.70329  0.03632 -0.19645
   0.68991  0.03761 -0.20813
   0.67653  0.03888 -0.21944
   0.66315  0.04013 -0.23109
   0.64977  0.04135 -0.24274
   0.63640  0.04254 -0.25437
   0.62303  0.04370 -0.26599
   0.60967  0.04483 -0.27784
   0.59632  0.04594 -0.28984
   0.58297  0.04701 -0.30164
   0.56963  0.04805 -0.31390
   0.55630  0.04906 -0.32607
   0.54298  0.05003 -0.33860
   0.52966  0.05097 -0.35116
   0.51636  0.05188 -0.36407
   0.50307  0.05275 -0.37689
   0.48980  0.05357 -0.39021
   0.47653  0.05436 -0.40359
   0.46329  0.05510 -0.41721
   0.45006  0.05580 -0.43114
   0.43684  0.05646 -0.44544
   0.42365  0.05707 -0.45936
   0.41048  0.05762 -0.47442
   0.39732  0.05813 -0.48938
   0.38420  0.05858 -0.50457
   0.37109  0.05897 -0.52042
   0.35802  0.05931 -0.53606
   0.34497  0.05958 -0.55275
   0.33196  0.05979 -0.56910
   0.31898  0.05994 -0.58651
   0.30603  0.06001 -0.60373
   0.29313  0.06001 -0.62182
   0.28027  0.05993 -0.64067
   0.26746  0.05977 -0.65912
   0.25471  0.05952 -0.67870
   0.24201  0.05919 -0.69924
   0.22938  0.05877 -0.71972
   0.21683  0.05824 -0.74157
   0.20435  0.05762 -0.76364
   0.19198  0.05689 -0.78708
   0.17971  0.05605 -0.81126
   0.16758  0.05509 -0.83631
   0.15560  0.05401 -0.86286
   0.14380  0.05280 -0.89070
   0.13223  0.05147 -0.91967
   0.12093  0.05001 -0.95066
   0.10998  0.04843 -0.98291
   0.09945  0.04674 -1.01724
   0.08944  0.04494 -1.05281
   0.08002  0.04308 -1.08999
   0.07128  0.04116 -1.12816
   0.06327  0.03922 -1.16781
   0.05601  0.03729 -1.20730
   0.04949  0.03539 -1.24639
   0.04366  0.03353 -1.28628
   0.03846  0.03173 -1.32374
   0.03382  0.02997 -1.36175
   0.02969  0.02827 -1.39712
   0.02598  0.02661 -1.43069
   0.02266  0.02500 -1.46210
   0.01968  0.02342 -1.48870
   0.01698  0.02187 -1.51195
   0.01455  0.02034 -1.52858
   0.01235  0.01883 -1.53848
   0.01037  0.01733 -1.53818
   0.00858  0.01584 -1.52373
   0.00698  0.01434 -1.49257
   0.00555  0.01284 -1.44223
   0.00429  0.01134 -1.36445
   0.00319  0.00982 -1.25709
   0.00226  0.00830 -1.11444
   0.00149  0.00677 -0.93624
   0.00089  0.00524 -0.72652
   0.00044  0.00371 -0.48898
   0.00015  0.00220 -0.24378
   0.00002  0.00072 -0.00064
   0.00002 -0.00073  0.22444
   0.00015 -0.00220  0.43166
   0.00044 -0.00371  0.61482
   0.00089 -0.00524  0.76555
   0.00149 -0.00677  0.87604
   0.00226 -0.00830  0.95049
   0.00319 -0.00982  0.98924
   0.00429 -0.01134  0.99995
   0.00555 -0.01284  0.98856
   0.00698 -0.01434  0.96106
   0.00858 -0.01584  0.92239
   0.01037 -0.01733  0.87631
   0.01235 -0.01883  0.82578
   0.01455 -0.02034  0.77261
   0.01698 -0.02187  0.71830
   0.01968 -0.02342  0.66423
   0.02266 -0.02500  0.61060
   0.02598 -0.02661  0.55709
   0.02969 -0.02827  0.50579
   0.03382 -0.02997  0.45563
   0.03846 -0.03173  0.40681
   0.04366 -0.03353  0.35970
   0.04949 -0.03539  0.31469
   0.05601 -0.03729  0.27145
   0.06327 -0.03922  0.23107
   0.07128 -0.04116  0.19289
   0.08002 -0.04308  0.15819
   0.08944 -0.04494  0.12639
   0.09945 -0.04674  0.09741
   0.10998 -0.04843  0.07210
   0.12093 -0.05001  0.04961
   0.13223 -0.05147  0.02983
   0.14380 -0.05280  0.01270
   0.15560 -0.05401 -0.00240
   0.16758 -0.05509 -0.01527
   0.17971 -0.05605 -0.02657
   0.19198 -0.05689 -0.03641
   0.20435 -0.05762 -0.04457
   0.21683 -0.05824 -0.05163
   0.22938 -0.05877 -0.05792
   0.24201 -0.05919 -0.06265
   0.25471 -0.05952 -0.06708
   0.26746 -0.05977 -0.07029
   0.28027 -0.05993 -0.07317
   0.29313 -0.06001 -0.07507
   0.30603 -0.06001 -0.07671
   0.31898 -0.05994 -0.07768
   0.33196 -0.05979 -0.07834
   0.34497 -0.05958 -0.07845
   0.35802 -0.05931 -0.07799
   0.37109 -0.05897 -0.07798
   0.38420 -0.05858 -0.07693
   0.39733 -0.05813 -0.07591
   0.41048 -0.05762 -0.07429
   0.42365 -0.05707 -0.07275
   0.43684 -0.05646 -0.07134
   0.45006 -0.05580 -0.06897
   0.46329 -0.05510 -0.06684
   0.47653 -0.05436 -0.06476
   0.48980 -0.05357 -0.06222
   0.50307 -0.05275 -0.05975
   0.51636 -0.05188 -0.05700
   0.52966 -0.05097 -0.05432
   0.54298 -0.05003 -0.05110
   0.55630 -0.04906 -0.04833
   0.56963 -0.04805 -0.04537
   0.58297 -0.04701 -0.04214
   0.59632 -0.04594 -0.03871
   0.60967 -0.04483 -0.03541
   0.62303 -0.04370 -0.03214
   0.63640 -0.04254 -0.02838
   0.64977 -0.04135 -0.02507
   0.66315 -0.04013 -0.02099
   0.67653 -0.03888 -0.01709
   0.68991 -0.03761 -0.01345
   0.70329 -0.03632 -0.00904
   0.71668 -0.03500 -0.00529
   0.73006 -0.03365 -0.00056
   0.74345 -0.03228  0.00409
   0.75683 -0.03089  0.00872
   0.77022 -0.02947  0.01376
   0.78360 -0.02803  0.01891
   0.79698 -0.02657  0.02449
   0.81036 -0.02508  0.03022
   0.82373 -0.02357  0.03647
   0.83709 -0.02203  0.04299
   0.85045 -0.02047  0.05039
   0.86379 -0.01889  0.05796
   0.87711 -0.01729  0.06689
   0.89040 -0.01567  0.07552
   0.90364 -0.01402  0.08655
   0.91678 -0.01237  0.09813
   0.92976 -0.01071  0.11114
   0.94248 -0.00905  0.12722
   0.95476 -0.00744  0.14543
   0.96637 -0.00588  0.16675
   0.97707 -0.00443  0.19333
   0.98666 -0.00312  0.23031
   0.99505 -0.00195  0.28025
   1.00000 -0.00126  0.42097
