NACA 0012                                       
 Alfa =   9.00000 Re =        0.000 Xflap,Yflap =     0.000000    0.000000
#    x        y        Cp  
   1.00000  0.00126  0.43256
   0.99505  0.00195  0.27202
   0.98666  0.00312  0.20748
   0.97707  0.00443  0.15805
   0.96637  0.00588  0.11688
   0.95476  0.00744  0.08349
   0.94248  0.00905  0.05156
   0.92976  0.01071  0.02348
   0.91678  0.01237 -0.00249
   0.90364  0.01402 -0.02591
   0.89040  0.01567 -0.04864
   0.87711  0.01729 -0.06930
   0.86379  0.01889 -0.08956
   0.85045  0.02047 -0.10916
   0.83709  0.02203 -0.12730
   0.82373  0.02357 -0.14616
   0.81036  0.02508 -0.16302
   0.79698  0.02657 -0.18058
   0.78360  0.02803 -0.19749
   0.77022  0.02947 -0.21418
   0.75683  0.03089 -0.23150
   0.74345  0.03228 -0.24752
   0.73006  0.03365 -0.26407
   0.71668  0.03500 -0.28039
   0.70329  0.03632 -0.29716
   0.68991  0.03761 -0.31377
   0.67653  0.03888 -0.33012
   0.66315  0.04013 -0.34707
   0.64977  0.04135 -0.36383
   0.63640  0.04254 -0.38111
   0.62303  0.04370 -0.39827
   0.60967  0.04483 -0.41591
   0.59632  0.04594 -0.43373
   0.58297  0.04701 -0.45159
   0.56963  0.04805 -0.47020
   0.55630  0.04906 -0.48857
   0.54298  0.05003 -0.50792
   0.52966  0.05097 -0.52732
   0.51636  0.05188 -0.54738
   0.50307  0.05275 -0.56755
   0.48980  0.05357 -0.58847
   0.47653  0.05436 -0.60973
   0.46329  0.05510 -0.63164
   0.45006  0.05580 -0.65413
   0.43684  0.05646 -0.67730
   0.42365  0.05707 -0.70060
   0.41048  0.05762 -0.72529
   0.39732  0.05813 -0.75045
   0.38420  0.05858 -0.77637
   0.37109  0.05897 -0.80332
   0.35802  0.05931 -0.83064
   0.34497  0.05958 -0.85975
   0.33196  0.05979 -0.88910
   0.31898  0.05994 -0.92030
   0.30603  0.06001 -0.95196
   0.29313  0.06001 -0.98559
   0.28027  0.05993 -1.02084
   0.26746  0.05977 -1.05673
   0.25471  0.05952 -1.09496
   0.24201  0.05919 -1.13557
   0.22938  0.05877 -1.17742
   0.21683  0.05824 -1.22250
   0.20435  0.05762 -1.26957
   0.19198  0.05689 -1.32024
   0.17971  0.05605 -1.37405
   0.16758  0.05509 -1.43144
   0.15560  0.05401 -1.49365
   0.14380  0.05280 -1.56077
   0.13223  0.05147 -1.63324
   0.12093  0.05001 -1.71254
   0.10998  0.04843 -1.79847
   0.09945  0.04674 -1.89260
   0.08944  0.04494 -1.99454
   0.08002  0.04308 -2.10500
   0.07128  0.04116 -2.22362
   0.06327  0.03922 -2.35113
   0.05601  0.03729 -2.48536
   0.04949  0.03539 -2.62605
   0.04366  0.03353 -2.77468
   0.03846  0.03173 -2.92729
   0.03382  0.02997 -3.08803
   0.02969  0.02827 -3.25310
   0.02598  0.02661 -3.42435
   0.02266  0.02500 -3.60215
   0.01968  0.02342 -3.78312
   0.01698  0.02187 -3.97064
   0.01455  0.02034 -4.16061
   0.01235  0.01883 -4.35376
   0.01037  0.01733 -4.54501
   0.00858  0.01584 -4.72785
   0.00698  0.01434 -4.89775
   0.00555  0.01284 -5.04675
   0.00429  0.01134 -5.15674
   0.00319  0.00982 -5.21524
   0.00226  0.00830 -5.20137
   0.00149  0.00677 -5.09639
   0.00089  0.00524 -4.89179
   0.00044  0.00371 -4.57565
   0.00015  0.00220 -4.17405
   0.00002  0.00072 -3.70185
   0.00002 -0.00073 -3.20218
   0.00015 -0.00220 -2.67432
   0.00044 -0.00371 -2.12461
   0.00089 -0.00524 -1.57819
   0.00149 -0.00677 -1.07370
   0.00226 -0.00830 -0.61493
   0.00319 -0.00982 -0.22817
   0.00429 -0.01134  0.09354
   0.00555 -0.01284  0.35059
   0.00698 -0.01434  0.55115
   0.00858 -0.01584  0.70343
   0.01037 -0.01733  0.81581
   0.01235 -0.01883  0.89563
   0.01455 -0.02034  0.94930
   0.01698 -0.02187  0.98183
   0.01968 -0.02342  0.99736
   0.02266 -0.02500  0.99931
   0.02598 -0.02661  0.99017
   0.02969 -0.02827  0.97223
   0.03382 -0.02997  0.94701
   0.03846 -0.03173  0.91582
   0.04366 -0.03353  0.87995
   0.04949 -0.03539  0.84050
   0.05601 -0.03729  0.79823
   0.06327 -0.03922  0.75461
   0.07128 -0.04116  0.71009
   0.08002 -0.04308  0.66629
   0.08944 -0.04494  0.62357
   0.09945 -0.04674  0.58255
   0.10998 -0.04843  0.54424
   0.12093 -0.05001  0.50847
   0.13223 -0.05147  0.47540
   0.14380 -0.05280  0.44501
   0.15560 -0.05401  0.41705
   0.16758 -0.05509  0.39163
   0.17971 -0.05605  0.36812
   0.19198 -0.05689  0.34667
   0.20435 -0.05762  0.32710
   0.21683 -0.05824  0.30918
   0.22938 -0.05877  0.29251
   0.24201 -0.05919  0.27760
   0.25471 -0.05952  0.26348
   0.26746 -0.05977  0.25092
   0.28027 -0.05993  0.23907
   0.29313 -0.06001  0.22842
   0.30603 -0.06001  0.21837
   0.31898 -0.05994  0.20938
   0.33196 -0.05979  0.20089
   0.34497 -0.05958  0.19312
   0.35802 -0.05931  0.18632
   0.37109 -0.05897  0.17919
   0.38420 -0.05858  0.17347
   0.39733 -0.05813  0.16769
   0.41048 -0.05762  0.16297
   0.42365 -0.05707  0.15818
   0.43684 -0.05646  0.15342
   0.45006 -0.05580  0.14996
   0.46329 -0.05510  0.14625
   0.47653 -0.05436  0.14275
   0.48980 -0.05357  0.13974
   0.50307 -0.05275  0.13692
   0.51636 -0.05188  0.13436
   0.52966 -0.05097  0.13190
   0.54298 -0.05003  0.13029
   0.55630 -0.04906  0.12814
   0.56963 -0.04805  0.12627
   0.58297 -0.04701  0.12473
   0.59632 -0.04594  0.12364
   0.60967 -0.04483  0.12244
   0.62303 -0.04370  0.12119
   0.63640 -0.04254  0.12064
   0.64977 -0.04135  0.11965
   0.66315 -0.04013  0.11929
   0.67653 -0.03888  0.11929
   0.68991 -0.03761  0.11859
   0.70329 -0.03632  0.11890
   0.71668 -0.03500  0.11850
   0.73006 -0.03365  0.11920
   0.74345 -0.03228  0.12000
   0.75683 -0.03089  0.12044
   0.77022 -0.02947  0.12162
   0.78360 -0.02803  0.12254
   0.79698 -0.02657  0.12438
   0.81036 -0.02508  0.12595
   0.82373 -0.02357  0.12811
   0.83709 -0.02203  0.13065
   0.85045 -0.02047  0.13382
   0.86379 -0.01889  0.13722
   0.87711 -0.01729  0.14210
   0.89040 -0.01567  0.14613
   0.90364 -0.01402  0.15258
   0.91678 -0.01237  0.15981
   0.92976 -0.01071  0.16774
   0.94248 -0.00905  0.17907
   0.95476 -0.00744  0.19194
   0.96637 -0.00588  0.20790
   0.97707 -0.00443  0.22875
   0.98666 -0.00312  0.26007
   0.99505 -0.00195  0.30292
   1.00000 -0.00126  0.43256
