NACA 0012                                       
 Alfa =  -4.00000 Re =        0.000 Xflap,Yflap =     0.000000    0.000000
#    x        y        Cp  
   1.00000  0.00126  0.42068
   0.99505  0.00195  0.28087
   0.98666  0.00312  0.23012
   0.97707  0.00443  0.19383
   0.96637  0.00588  0.16698
   0.95476  0.00744  0.14564
   0.94248  0.00905  0.12676
   0.92976  0.01071  0.11169
   0.91678  0.01237  0.09801
   0.90364  0.01402  0.08656
   0.89040  0.01567  0.07575
   0.87711  0.01729  0.06659
   0.86379  0.01889  0.05823
   0.85045  0.02047  0.05030
   0.83709  0.02203  0.04304
   0.82373  0.02357  0.03659
   0.81036  0.02508  0.03044
   0.79698  0.02657  0.02458
   0.78360  0.02803  0.01875
   0.77022  0.02947  0.01403
   0.75683  0.03089  0.00865
   0.74345  0.03228  0.00391
   0.73006  0.03365 -0.00030
   0.71668  0.03500 -0.00527
   0.70329  0.03632 -0.00903
   0.68991  0.03761 -0.01334
   0.67653  0.03888 -0.01716
   0.66315  0.04013 -0.02097
   0.64977  0.04135 -0.02507
   0.63640  0.04254 -0.02841
   0.62303  0.04370 -0.03194
   0.60967  0.04483 -0.03536
   0.59632  0.04594 -0.03894
   0.58297  0.04701 -0.04198
   0.56963  0.04805 -0.04515
   0.55630  0.04906 -0.04842
   0.54298  0.05003 -0.05127
   0.52966  0.05097 -0.05417
   0.51636  0.05188 -0.05700
   0.50307  0.05275 -0.05954
   0.48980  0.05357 -0.06224
   0.47653  0.05436 -0.06470
   0.46329  0.05510 -0.06689
   0.45006  0.05580 -0.06906
   0.43684  0.05646 -0.07124
   0.42365  0.05707 -0.07247
   0.41048  0.05762 -0.07450
   0.39732  0.05813 -0.07579
   0.38420  0.05858 -0.07671
   0.37109  0.05897 -0.07785
   0.35802  0.05931 -0.07813
   0.34497  0.05958 -0.07861
   0.33196  0.05979 -0.07813
   0.31898  0.05994 -0.07779
   0.30603  0.06001 -0.07660
   0.29313  0.06001 -0.07503
   0.28027  0.05993 -0.07330
   0.26746  0.05977 -0.07013
   0.25471  0.05952 -0.06677
   0.24201  0.05919 -0.06284
   0.22938  0.05877 -0.05763
   0.21683  0.05824 -0.05180
   0.20435  0.05762 -0.04450
   0.19198  0.05689 -0.03634
   0.17971  0.05605 -0.02664
   0.16758  0.05509 -0.01526
   0.15560  0.05401 -0.00229
   0.14380  0.05280  0.01264
   0.13223  0.05147  0.03009
   0.12093  0.05001  0.04964
   0.10998  0.04843  0.07222
   0.09945  0.04674  0.09753
   0.08944  0.04494  0.12630
   0.08002  0.04308  0.15810
   0.07128  0.04116  0.19319
   0.06327  0.03922  0.23089
   0.05601  0.03729  0.27157
   0.04949  0.03539  0.31489
   0.04366  0.03353  0.35966
   0.03846  0.03173  0.40716
   0.03382  0.02997  0.45551
   0.02969  0.02827  0.50587
   0.02598  0.02661  0.55752
   0.02266  0.02500  0.61027
   0.01968  0.02342  0.66430
   0.01698  0.02187  0.71850
   0.01455  0.02034  0.77276
   0.01235  0.01883  0.82573
   0.01037  0.01733  0.87623
   0.00858  0.01584  0.92239
   0.00698  0.01434  0.96121
   0.00555  0.01284  0.98857
   0.00429  0.01134  0.99996
   0.00319  0.00982  0.98932
   0.00226  0.00830  0.95008
   0.00149  0.00677  0.87662
   0.00089  0.00524  0.76516
   0.00044  0.00371  0.61423
   0.00015  0.00220  0.43184
   0.00002  0.00072  0.22440
   0.00002 -0.00073 -0.00076
   0.00015 -0.00220 -0.24343
   0.00044 -0.00371 -0.49035
   0.00089 -0.00524 -0.72727
   0.00149 -0.00677 -0.93419
   0.00226 -0.00830 -1.11687
   0.00319 -0.00982 -1.25585
   0.00429 -0.01134 -1.36511
   0.00555 -0.01284 -1.44245
   0.00698 -0.01434 -1.49376
   0.00858 -0.01584 -1.52380
   0.01037 -0.01733 -1.53779
   0.01235 -0.01883 -1.53824
   0.01455 -0.02034 -1.52909
   0.01698 -0.02187 -1.51262
   0.01968 -0.02342 -1.48882
   0.02266 -0.02500 -1.46114
   0.02598 -0.02661 -1.43170
   0.02969 -0.02827 -1.39734
   0.03382 -0.02997 -1.36155
   0.03846 -0.03173 -1.32431
   0.04366 -0.03353 -1.28625
   0.04949 -0.03539 -1.24678
   0.05601 -0.03729 -1.20747
   0.06327 -0.03922 -1.16750
   0.07128 -0.04116 -1.12865
   0.08002 -0.04308 -1.08987
   0.08944 -0.04494 -1.05261
   0.09945 -0.04674 -1.01749
   0.10998 -0.04843 -0.98306
   0.12093 -0.05001 -0.95067
   0.13223 -0.05147 -0.92004
   0.14380 -0.05280 -0.89057
   0.15560 -0.05401 -0.86298
   0.16758 -0.05509 -0.83645
   0.17971 -0.05605 -0.81104
   0.19198 -0.05689 -0.78727
   0.20435 -0.05762 -0.76365
   0.21683 -0.05824 -0.74135
   0.22938 -0.05877 -0.72023
   0.24201 -0.05919 -0.69892
   0.25471 -0.05952 -0.67901
   0.26746 -0.05977 -0.65932
   0.28027 -0.05993 -0.64057
   0.29313 -0.06001 -0.62179
   0.30603 -0.06001 -0.60385
   0.31898 -0.05994 -0.58645
   0.33196 -0.05979 -0.56941
   0.34497 -0.05958 -0.55247
   0.35802 -0.05931 -0.53605
   0.37109 -0.05897 -0.52046
   0.38420 -0.05858 -0.50484
   0.39733 -0.05813 -0.48935
   0.41048 -0.05762 -0.47438
   0.42365 -0.05707 -0.45965
   0.43684 -0.05646 -0.44542
   0.45006 -0.05580 -0.43114
   0.46329 -0.05510 -0.41712
   0.47653 -0.05436 -0.40377
   0.48980 -0.05357 -0.39015
   0.50307 -0.05275 -0.37715
   0.51636 -0.05188 -0.36393
   0.52966 -0.05097 -0.35119
   0.54298 -0.05003 -0.33858
   0.55630 -0.04906 -0.32628
   0.56963 -0.04805 -0.31402
   0.58297 -0.04701 -0.30168
   0.59632 -0.04594 -0.28968
   0.60967 -0.04483 -0.27788
   0.62303 -0.04370 -0.26613
   0.63640 -0.04254 -0.25433
   0.64977 -0.04135 -0.24303
   0.66315 -0.04013 -0.23079
   0.67653 -0.03888 -0.21974
   0.68991 -0.03761 -0.20815
   0.70329 -0.03632 -0.19632
   0.71668 -0.03500 -0.18507
   0.73006 -0.03365 -0.17311
   0.74345 -0.03228 -0.16162
   0.75683 -0.03089 -0.14952
   0.77022 -0.02947 -0.13769
   0.78360 -0.02803 -0.12510
   0.79698 -0.02657 -0.11300
   0.81036 -0.02508 -0.10006
   0.82373 -0.02357 -0.08676
   0.83709 -0.02203 -0.07344
   0.85045 -0.02047 -0.05883
   0.86379 -0.01889 -0.04423
   0.87711 -0.01729 -0.02855
   0.89040 -0.01567 -0.01224
   0.90364 -0.01402  0.00632
   0.91678 -0.01237  0.02497
   0.92976 -0.01071  0.04622
   0.94248 -0.00905  0.06984
   0.95476 -0.00744  0.09647
   0.96637 -0.00588  0.12608
   0.97707 -0.00443  0.16134
   0.98666 -0.00312  0.20649
   0.99505 -0.00195  0.26646
   1.00000 -0.00126  0.42068
