NACA 0012                                       
 Alfa =  10.00000 Re =        0.000 Xflap,Yflap =     0.000000    0.000000
#    x        y        Cp  
   1.00000  0.00126  0.43591
   0.99505  0.00195  0.27444
   0.98666  0.00312  0.20910
   0.97707  0.00443  0.15885
   0.96637  0.00588  0.11672
   0.95476  0.00744  0.08250
   0.94248  0.00905  0.04967
   0.92976  0.01071  0.02066
   0.91678  0.01237 -0.00621
   0.90364  0.01402 -0.03050
   0.89040  0.01567 -0.05412
   0.87711  0.01729 -0.07563
   0.86379  0.01889 -0.09679
   0.85045  0.02047 -0.11728
   0.83709  0.02203 -0.13624
   0.82373  0.02357 -0.15606
   0.81036  0.02508 -0.17376
   0.79698  0.02657 -0.19223
   0.78360  0.02803 -0.21000
   0.77022  0.02947 -0.22765
   0.75683  0.03089 -0.24591
   0.74345  0.03228 -0.26283
   0.73006  0.03365 -0.28037
   0.71668  0.03500 -0.29759
   0.70329  0.03632 -0.31542
   0.68991  0.03761 -0.33303
   0.67653  0.03888 -0.35041
   0.66315  0.04013 -0.36844
   0.64977  0.04135 -0.38623
   0.63640  0.04254 -0.40468
   0.62303  0.04370 -0.42297
   0.60967  0.04483 -0.44179
   0.59632  0.04594 -0.46080
   0.58297  0.04701 -0.47992
   0.56963  0.04805 -0.49984
   0.55630  0.04906 -0.51949
   0.54298  0.05003 -0.54026
   0.52966  0.05097 -0.56107
   0.51636  0.05188 -0.58262
   0.50307  0.05275 -0.60431
   0.48980  0.05357 -0.62682
   0.47653  0.05436 -0.64972
   0.46329  0.05510 -0.67337
   0.45006  0.05580 -0.69765
   0.43684  0.05646 -0.72269
   0.42365  0.05707 -0.74796
   0.41048  0.05762 -0.77469
   0.39732  0.05813 -0.80201
   0.38420  0.05858 -0.83021
   0.37109  0.05897 -0.85951
   0.35802  0.05931 -0.88933
   0.34497  0.05958 -0.92109
   0.33196  0.05979 -0.95323
   0.31898  0.05994 -0.98739
   0.30603  0.06001 -1.02217
   0.29313  0.06001 -1.05915
   0.28027  0.05993 -1.09795
   0.26746  0.05977 -1.13764
   0.25471  0.05952 -1.17994
   0.24201  0.05919 -1.22495
   0.22938  0.05877 -1.27148
   0.21683  0.05824 -1.32169
   0.20435  0.05762 -1.37430
   0.19198  0.05689 -1.43101
   0.17971  0.05605 -1.49143
   0.16758  0.05509 -1.55608
   0.15560  0.05401 -1.62631
   0.14380  0.05280 -1.70233
   0.13223  0.05147 -1.78470
   0.12093  0.05001 -1.87505
   0.10998  0.04843 -1.97334
   0.09945  0.04674 -2.08132
   0.08944  0.04494 -2.19875
   0.08002  0.04308 -2.32643
   0.07128  0.04116 -2.46410
   0.06327  0.03922 -2.61257
   0.05601  0.03729 -2.76958
   0.04949  0.03539 -2.93492
   0.04366  0.03353 -3.11012
   0.03846  0.03173 -3.29116
   0.03382  0.02997 -3.48243
   0.02969  0.02827 -3.68010
   0.02598  0.02661 -3.88628
   0.02266  0.02500 -4.10160
   0.01968  0.02342 -4.32261
   0.01698  0.02187 -4.55323
   0.01455  0.02034 -4.78930
   0.01235  0.01883 -5.03190
   0.01037  0.01733 -5.27573
   0.00858  0.01584 -5.51390
   0.00698  0.01434 -5.74162
   0.00555  0.01284 -5.94973
   0.00429  0.01134 -6.11801
   0.00319  0.00982 -6.23146
   0.00226  0.00830 -6.26550
   0.00149  0.00677 -6.19640
   0.00089  0.00524 -6.01200
   0.00044  0.00371 -5.69572
   0.00015  0.00220 -5.27371
   0.00002  0.00072 -4.76138
   0.00002 -0.00073 -4.20837
   0.00015 -0.00220 -3.61380
   0.00044 -0.00371 -2.98293
   0.00089 -0.00524 -2.34442
   0.00149 -0.00677 -1.74424
   0.00226 -0.00830 -1.18907
   0.00319 -0.00982 -0.71181
   0.00429 -0.01134 -0.30696
   0.00555 -0.01284  0.02405
   0.00698 -0.01434  0.28931
   0.00858 -0.01584  0.49743
   0.01037 -0.01733  0.65760
   0.01235 -0.01883  0.77813
   0.01455 -0.02034  0.86638
   0.01698 -0.02187  0.92821
   0.01968 -0.02342  0.96845
   0.02266 -0.02500  0.99125
   0.02598 -0.02661  0.99979
   0.02969 -0.02827  0.99651
   0.03382 -0.02997  0.98353
   0.03846 -0.03173  0.96246
   0.04366 -0.03353  0.93482
   0.04949 -0.03539  0.90190
   0.05601 -0.03729  0.86472
   0.06327 -0.03922  0.82484
   0.07128 -0.04116  0.78298
   0.08002 -0.04308  0.74082
   0.08944 -0.04494  0.69896
   0.09945 -0.04674  0.65819
   0.10998 -0.04843  0.61959
   0.12093 -0.05001  0.58317
   0.13223 -0.05147  0.54918
   0.14380 -0.05280  0.51766
   0.15560 -0.05401  0.48846
   0.16758 -0.05509  0.46170
   0.17971 -0.05605  0.43679
   0.19198 -0.05689  0.41394
   0.20435 -0.05762  0.39292
   0.21683 -0.05824  0.37356
   0.22938 -0.05877  0.35547
   0.24201 -0.05919  0.33913
   0.25471 -0.05952  0.32362
   0.26746 -0.05977  0.30968
   0.28027 -0.05993  0.29649
   0.29313 -0.06001  0.28451
   0.30603 -0.06001  0.27317
   0.31898 -0.05994  0.26292
   0.33196 -0.05979  0.25320
   0.34497 -0.05958  0.24421
   0.35802 -0.05931  0.23623
   0.37109 -0.05897  0.22794
   0.38420 -0.05858  0.22110
   0.39733 -0.05813  0.21420
   0.41048 -0.05762  0.20841
   0.42365 -0.05707  0.20257
   0.43684 -0.05646  0.19676
   0.45006 -0.05580  0.19231
   0.46329 -0.05510  0.18759
   0.47653 -0.05436  0.18313
   0.48980 -0.05357  0.17916
   0.50307 -0.05275  0.17543
   0.51636 -0.05188  0.17193
   0.52966 -0.05097  0.16858
   0.54298 -0.05003  0.16610
   0.55630 -0.04906  0.16308
   0.56963 -0.04805  0.16035
   0.58297 -0.04701  0.15797
   0.59632 -0.04594  0.15606
   0.60967 -0.04483  0.15405
   0.62303 -0.04370  0.15199
   0.63640 -0.04254  0.15065
   0.64977 -0.04135  0.14889
   0.66315 -0.04013  0.14772
   0.67653 -0.03888  0.14701
   0.68991 -0.03761  0.14551
   0.70329 -0.03632  0.14507
   0.71668 -0.03500  0.14390
   0.73006 -0.03365  0.14385
   0.74345 -0.03228  0.14394
   0.75683 -0.03089  0.14360
   0.77022 -0.02947  0.14405
   0.78360 -0.02803  0.14418
   0.79698 -0.02657  0.14531
   0.81036 -0.02508  0.14610
   0.82373 -0.02357  0.14748
   0.83709 -0.02203  0.14927
   0.85045 -0.02047  0.15163
   0.86379 -0.01889  0.15424
   0.87711 -0.01729  0.15834
   0.89040 -0.01567  0.16148
   0.90364 -0.01402  0.16704
   0.91678 -0.01237  0.17343
   0.92976 -0.01071  0.18037
   0.94248 -0.00905  0.19075
   0.95476 -0.00744  0.20256
   0.96637 -0.00588  0.21745
   0.97707 -0.00443  0.23715
   0.98666 -0.00312  0.26730
   0.99505 -0.00195  0.30868
   1.00000 -0.00126  0.43591
