NACA 0012                                       
 Alfa =   7.00000 Re =        0.000 Xflap,Yflap =     0.000000    0.000000
#    x        y        Cp  
   1.00000  0.00126  0.42689
   0.99505  0.00195  0.26849
   0.98666  0.00312  0.20568
   0.97707  0.00443  0.15799
   0.96637  0.00588  0.11882
   0.95476  0.00744  0.08712
   0.94248  0.00905  0.05707
   0.92976  0.01071  0.03090
   0.91678  0.01237  0.00674
   0.90364  0.01402 -0.01489
   0.89040  0.01567 -0.03584
   0.87711  0.01729 -0.05475
   0.86379  0.01889 -0.07320
   0.85045  0.02047 -0.09100
   0.83709  0.02203 -0.10747
   0.82373  0.02357 -0.12440
   0.81036  0.02508 -0.13959
   0.79698  0.02657 -0.15532
   0.78360  0.02803 -0.17049
   0.77022  0.02947 -0.18529
   0.75683  0.03089 -0.20071
   0.74345  0.03228 -0.21494
   0.73006  0.03365 -0.22951
   0.71668  0.03500 -0.24401
   0.70329  0.03632 -0.25868
   0.68991  0.03761 -0.27330
   0.67653  0.03888 -0.28762
   0.66315  0.04013 -0.30242
   0.64977  0.04135 -0.31712
   0.63640  0.04254 -0.33211
   0.62303  0.04370 -0.34702
   0.60967  0.04483 -0.36231
   0.59632  0.04594 -0.37777
   0.58297  0.04701 -0.39317
   0.56963  0.04805 -0.40919
   0.55630  0.04906 -0.42504
   0.54298  0.05003 -0.44161
   0.52966  0.05097 -0.45822
   0.51636  0.05188 -0.47536
   0.50307  0.05275 -0.49252
   0.48980  0.05357 -0.51033
   0.47653  0.05436 -0.52836
   0.46329  0.05510 -0.54687
   0.45006  0.05580 -0.56584
   0.43684  0.05646 -0.58537
   0.42365  0.05707 -0.60480
   0.41048  0.05762 -0.62553
   0.39732  0.05813 -0.64648
   0.38420  0.05858 -0.66798
   0.37109  0.05897 -0.69033
   0.35802  0.05931 -0.71282
   0.34497  0.05958 -0.73678
   0.33196  0.05979 -0.76074
   0.31898  0.05994 -0.78620
   0.30603  0.06001 -0.81186
   0.29313  0.06001 -0.83901
   0.28027  0.05993 -0.86741
   0.26746  0.05977 -0.89600
   0.25471  0.05952 -0.92642
   0.24201  0.05919 -0.95861
   0.22938  0.05877 -0.99148
   0.21683  0.05824 -1.02677
   0.20435  0.05762 -1.06329
   0.19198  0.05689 -1.10244
   0.17971  0.05605 -1.14369
   0.16758  0.05509 -1.18734
   0.15560  0.05401 -1.23436
   0.14380  0.05280 -1.28470
   0.13223  0.05147 -1.33853
   0.12093  0.05001 -1.39708
   0.10998  0.04843 -1.45987
   0.09945  0.04674 -1.52814
   0.08944  0.04494 -1.60127
   0.08002  0.04308 -1.67980
   0.07128  0.04116 -1.76322
   0.06327  0.03922 -1.85214
   0.05601  0.03729 -1.94456
   0.04949  0.03539 -2.04021
   0.04366  0.03353 -2.14042
   0.03846  0.03173 -2.24149
   0.03382  0.02997 -2.34705
   0.02969  0.02827 -2.45348
   0.02598  0.02661 -2.56215
   0.02266  0.02500 -2.67304
   0.01968  0.02342 -2.78297
   0.01698  0.02187 -2.89441
   0.01455  0.02034 -3.00346
   0.01235  0.01883 -3.11037
   0.01037  0.01733 -3.21056
   0.00858  0.01584 -3.29845
   0.00698  0.01434 -3.37015
   0.00555  0.01284 -3.42001
   0.00429  0.01134 -3.43399
   0.00319  0.00982 -3.40423
   0.00226  0.00830 -3.31655
   0.00149  0.00677 -3.16097
   0.00089  0.00524 -2.93512
   0.00044  0.00371 -2.63488
   0.00015  0.00220 -2.28507
   0.00002  0.00072 -1.89897
   0.00002 -0.00073 -1.50776
   0.00015 -0.00220 -1.11098
   0.00044 -0.00371 -0.71603
   0.00089 -0.00524 -0.34114
   0.00149 -0.00677 -0.01145
   0.00226 -0.00830  0.27376
   0.00319 -0.00982  0.50014
   0.00429 -0.01134  0.67626
   0.00555 -0.01284  0.80544
   0.00698 -0.01434  0.89549
   0.00858 -0.01584  0.95358
   0.01037 -0.01733  0.98634
   0.01235 -0.01883  0.99928
   0.01455 -0.02034  0.99689
   0.01698 -0.02187  0.98269
   0.01968 -0.02342  0.95952
   0.02266 -0.02500  0.92946
   0.02598 -0.02661  0.89371
   0.02969 -0.02827  0.85440
   0.03382 -0.02997  0.81193
   0.03846 -0.03173  0.76707
   0.04366 -0.03353  0.72072
   0.04949 -0.03539  0.67361
   0.05601 -0.03729  0.62604
   0.06327 -0.03922  0.57933
   0.07128 -0.04116  0.53343
   0.08002 -0.04308  0.48980
   0.08944 -0.04494  0.44841
   0.09945 -0.04674  0.40956
   0.10998 -0.04843  0.37415
   0.12093 -0.05001  0.34169
   0.13223 -0.05147  0.31220
   0.14380 -0.05280  0.28559
   0.15560 -0.05401  0.26146
   0.16758 -0.05509  0.23989
   0.17971 -0.05605  0.22023
   0.19198 -0.05689  0.20252
   0.20435 -0.05762  0.18669
   0.21683 -0.05824  0.17239
   0.22938 -0.05877  0.15921
   0.24201 -0.05919  0.14778
   0.25471 -0.05952  0.13699
   0.26746 -0.05977  0.12768
   0.28027 -0.05993  0.11897
   0.29313 -0.06001  0.11141
   0.30603 -0.06001  0.10435
   0.31898 -0.05994  0.09821
   0.33196 -0.05979  0.09253
   0.34497 -0.05958  0.08753
   0.35802 -0.05931  0.08336
   0.37109 -0.05897  0.07882
   0.38420 -0.05858  0.07558
   0.39733 -0.05813  0.07229
   0.41048 -0.05762  0.06990
   0.42365 -0.05707  0.06745
   0.43684 -0.05646  0.06497
   0.45006 -0.05580  0.06367
   0.46329 -0.05510  0.06213
   0.47653 -0.05436  0.06071
   0.48980 -0.05357  0.05978
   0.50307 -0.05275  0.05894
   0.51636 -0.05188  0.05837
   0.52966 -0.05097  0.05785
   0.54298 -0.05003  0.05806
   0.55630 -0.04906  0.05777
   0.56963 -0.04805  0.05773
   0.58297 -0.04701  0.05800
   0.59632 -0.04594  0.05863
   0.60967 -0.04483  0.05914
   0.62303 -0.04370  0.05961
   0.63640 -0.04254  0.06070
   0.64977 -0.04135  0.06136
   0.66315 -0.04013  0.06270
   0.67653 -0.03888  0.06420
   0.68991 -0.03761  0.06517
   0.70329 -0.03632  0.06705
   0.71668 -0.03500  0.06825
   0.73006 -0.03365  0.07050
   0.74345 -0.03228  0.07279
   0.75683 -0.03089  0.07486
   0.77022 -0.02947  0.07753
   0.78360 -0.02803  0.08010
   0.79698 -0.02657  0.08339
   0.81036 -0.02508  0.08658
   0.82373 -0.02357  0.09033
   0.83709 -0.02203  0.09443
   0.85045 -0.02047  0.09926
   0.86379 -0.01889  0.10430
   0.87711 -0.01729  0.11077
   0.89040 -0.01567  0.11660
   0.90364 -0.01402  0.12486
   0.91678 -0.01237  0.13382
   0.92976 -0.01071  0.14376
   0.94248 -0.00905  0.15697
   0.95476 -0.00744  0.17197
   0.96637 -0.00588  0.19008
   0.97707 -0.00443  0.21324
   0.98666 -0.00312  0.24686
   0.99505 -0.00195  0.29260
   1.00000 -0.00126  0.42689
