NACA 0012                                       
 Alfa =  -1.00000 Re =        0.000 Xflap,Yflap =     0.000000    0.000000
#    x        y        Cp  
   1.00000  0.00126  0.41814
   0.99505  0.00195  0.27219
   0.98666  0.00312  0.21777
   0.97707  0.00443  0.17811
   0.96637  0.00588  0.14773
   0.95476  0.00744  0.12344
   0.94248  0.00905  0.10143
   0.92976  0.01071  0.08327
   0.91678  0.01237  0.06670
   0.90364  0.01402  0.05245
   0.89040  0.01567  0.03887
   0.87711  0.01729  0.02707
   0.86379  0.01889  0.01598
   0.85045  0.02047  0.00540
   0.83709  0.02203 -0.00433
   0.82373  0.02357 -0.01357
   0.81036  0.02508 -0.02213
   0.79698  0.02657 -0.03059
   0.78360  0.02803 -0.03889
   0.77022  0.02947 -0.04626
   0.75683  0.03089 -0.05427
   0.74345  0.03228 -0.06149
   0.73006  0.03365 -0.06839
   0.71668  0.03500 -0.07584
   0.70329  0.03632 -0.08242
   0.68991  0.03761 -0.08939
   0.67653  0.03888 -0.09590
   0.66315  0.04013 -0.10253
   0.64977  0.04135 -0.10934
   0.63640  0.04254 -0.11565
   0.62303  0.04370 -0.12207
   0.60967  0.04483 -0.12850
   0.59632  0.04594 -0.13508
   0.58297  0.04701 -0.14123
   0.56963  0.04805 -0.14762
   0.55630  0.04906 -0.15404
   0.54298  0.05003 -0.16030
   0.52966  0.05097 -0.16661
   0.51636  0.05188 -0.17298
   0.50307  0.05275 -0.17912
   0.48980  0.05357 -0.18554
   0.47653  0.05436 -0.19181
   0.46329  0.05510 -0.19798
   0.45006  0.05580 -0.20422
   0.43684  0.05646 -0.21060
   0.42365  0.05707 -0.21620
   0.41048  0.05762 -0.22273
   0.39732  0.05813 -0.22871
   0.38420  0.05858 -0.23450
   0.37109  0.05897 -0.24066
   0.35802  0.05931 -0.24615
   0.34497  0.05958 -0.25212
   0.33196  0.05979 -0.25731
   0.31898  0.05994 -0.26293
   0.30603  0.06001 -0.26789
   0.29313  0.06001 -0.27286
   0.28027  0.05993 -0.27794
   0.26746  0.05977 -0.28188
   0.25471  0.05952 -0.28604
   0.24201  0.05919 -0.29007
   0.22938  0.05877 -0.29317
   0.21683  0.05824 -0.29623
   0.20435  0.05762 -0.29828
   0.19198  0.05689 -0.30011
   0.17971  0.05605 -0.30102
   0.16758  0.05509 -0.30094
   0.15560  0.05401 -0.30009
   0.14380  0.05280 -0.29811
   0.13223  0.05147 -0.29452
   0.12093  0.05001 -0.28984
   0.10998  0.04843 -0.28310
   0.09945  0.04674 -0.27468
   0.08944  0.04494 -0.26371
   0.08002  0.04308 -0.25050
   0.07128  0.04116 -0.23453
   0.06327  0.03922 -0.21635
   0.05601  0.03729 -0.19504
   0.04949  0.03539 -0.17065
   0.04366  0.03353 -0.14432
   0.03846  0.03173 -0.11391
   0.03382  0.02997 -0.08163
   0.02969  0.02827 -0.04537
   0.02598  0.02661 -0.00572
   0.02266  0.02500  0.03762
   0.01968  0.02342  0.08591
   0.01698  0.02187  0.13832
   0.01455  0.02034  0.19629
   0.01235  0.01883  0.25941
   0.01037  0.01733  0.32854
   0.00858  0.01584  0.40422
   0.00698  0.01434  0.48586
   0.00555  0.01284  0.57147
   0.00429  0.01134  0.66084
   0.00319  0.00982  0.74975
   0.00226  0.00830  0.83443
   0.00149  0.00677  0.90801
   0.00089  0.00524  0.96366
   0.00044  0.00371  0.99511
   0.00015  0.00220  0.99723
   0.00002  0.00072  0.96925
   0.00002 -0.00073  0.91279
   0.00015 -0.00220  0.82793
   0.00044 -0.00371  0.71791
   0.00089 -0.00524  0.58917
   0.00149 -0.00677  0.45455
   0.00226 -0.00830  0.31529
   0.00319 -0.00982  0.18716
   0.00429 -0.01134  0.06752
   0.00555 -0.01284 -0.03820
   0.00698 -0.01434 -0.13028
   0.00858 -0.01584 -0.20920
   0.01037 -0.01733 -0.27663
   0.01235 -0.01883 -0.33328
   0.01455 -0.02034 -0.38118
   0.01698 -0.02187 -0.42148
   0.01968 -0.02342 -0.45410
   0.02266 -0.02500 -0.48135
   0.02598 -0.02661 -0.50508
   0.02969 -0.02827 -0.52273
   0.03382 -0.02997 -0.53715
   0.03846 -0.03173 -0.54846
   0.04366 -0.03353 -0.55702
   0.04949 -0.03539 -0.56249
   0.05601 -0.03729 -0.56605
   0.06327 -0.03922 -0.56683
   0.07128 -0.04116 -0.56630
   0.08002 -0.04308 -0.56335
   0.08944 -0.04494 -0.55923
   0.09945 -0.04674 -0.55442
   0.10998 -0.04843 -0.54783
   0.12093 -0.05001 -0.54070
   0.13223 -0.05147 -0.53302
   0.14380 -0.05280 -0.52454
   0.15560 -0.05401 -0.51600
   0.16758 -0.05509 -0.50691
   0.17971 -0.05605 -0.49762
   0.19198 -0.05689 -0.48851
   0.20435 -0.05762 -0.47866
   0.21683 -0.05824 -0.46900
   0.22938 -0.05877 -0.45962
   0.24201 -0.05919 -0.44939
   0.25471 -0.05952 -0.43980
   0.26746 -0.05977 -0.42977
   0.28027 -0.05993 -0.42011
   0.29313 -0.06001 -0.40997
   0.30603 -0.06001 -0.40019
   0.31898 -0.05994 -0.39041
   0.33196 -0.05979 -0.38069
   0.34497 -0.05958 -0.37078
   0.35802 -0.05931 -0.36092
   0.37109 -0.05897 -0.35172
   0.38420 -0.05858 -0.34204
   0.39733 -0.05813 -0.33245
   0.41048 -0.05762 -0.32290
   0.42365 -0.05707 -0.31351
   0.43684 -0.05646 -0.30447
   0.45006 -0.05580 -0.29498
   0.46329 -0.05510 -0.28575
   0.47653 -0.05436 -0.27692
   0.48980 -0.05357 -0.26773
   0.50307 -0.05275 -0.25894
   0.51636 -0.05188 -0.24990
   0.52966 -0.05097 -0.24116
   0.54298 -0.05003 -0.23228
   0.55630 -0.04906 -0.22375
   0.56963 -0.04805 -0.21517
   0.58297 -0.04701 -0.20643
   0.59632 -0.04594 -0.19780
   0.60967 -0.04483 -0.18934
   0.62303 -0.04370 -0.18093
   0.63640 -0.04254 -0.17227
   0.64977 -0.04135 -0.16410
   0.66315 -0.04013 -0.15505
   0.67653 -0.03888 -0.14678
   0.68991 -0.03761 -0.13829
   0.70329 -0.03632 -0.12934
   0.71668 -0.03500 -0.12100
   0.73006 -0.03365 -0.11184
   0.74345 -0.03228 -0.10299
   0.75683 -0.03089 -0.09377
   0.77022 -0.02947 -0.08455
   0.78360 -0.02803 -0.07482
   0.79698 -0.02657 -0.06521
   0.81036 -0.02508 -0.05503
   0.82373 -0.02357 -0.04442
   0.83709 -0.02203 -0.03369
   0.85045 -0.02047 -0.02182
   0.86379 -0.01889 -0.00988
   0.87711 -0.01729  0.00325
   0.89040 -0.01567  0.01667
   0.90364 -0.01402  0.03240
   0.91678 -0.01237  0.04841
   0.92976 -0.01071  0.06658
   0.94248 -0.00905  0.08742
   0.95476 -0.00744  0.11094
   0.96637 -0.00588  0.13752
   0.97707 -0.00443  0.16963
   0.98666 -0.00312  0.21187
   0.99505 -0.00195  0.26831
   1.00000 -0.00126  0.41814
