#    s        x        y     Ue/Vinf    Dstar     Theta      Cf       H
   0.00000  1.00000  0.00126  0.75299  0.000000  0.000000  0.000000     1.000
   0.00634  0.99372  0.00214  0.86184  0.000000  0.000000  0.000000     1.000
   0.01739  0.98277  0.00365  0.90201  0.000000  0.000000  0.000000     1.000
   0.03029  0.96999  0.00539  0.93285  0.000000  0.000000  0.000000     1.000
   0.04475  0.95567  0.00731  0.95728  0.000000  0.000000  0.000000     1.000
   0.06028  0.94026  0.00934  0.97744  0.000000  0.000000  0.000000     1.000
   0.07646  0.92422  0.01142  0.99569  0.000000  0.000000  0.000000     1.000
   0.09297  0.90784  0.01350  1.01150  0.000000  0.000000  0.000000     1.000
   0.10966  0.89128  0.01556  1.02583  0.000000  0.000000  0.000000     1.000
   0.12644  0.87462  0.01759  1.03934  0.000000  0.000000  0.000000     1.000
   0.14325  0.85793  0.01959  1.05153  0.000000  0.000000  0.000000     1.000
   0.16009  0.84120  0.02155  1.06328  0.000000  0.000000  0.000000     1.000
   0.17694  0.82446  0.02348  1.07448  0.000000  0.000000  0.000000     1.000
   0.19380  0.80771  0.02537  1.08522  0.000000  0.000000  0.000000     1.000
   0.21066  0.79095  0.02723  1.09561  0.000000  0.000000  0.000000     1.000
   0.22752  0.77419  0.02905  1.10576  0.000000  0.000000  0.000000     1.000
   0.24438  0.75742  0.03083  1.11561  0.000000  0.000000  0.000000     1.000
   0.26124  0.74066  0.03257  1.12548  0.000000  0.000000  0.000000     1.000
   0.27810  0.72389  0.03428  1.13507  0.000000  0.000000  0.000000     1.000
   0.29495  0.70712  0.03594  1.14461  0.000000  0.000000  0.000000     1.000
   0.31179  0.69035  0.03757  1.15429  0.000000  0.000000  0.000000     1.000
   0.32863  0.67359  0.03916  1.16382  0.000000  0.000000  0.000000     1.000
   0.34546  0.65683  0.04071  1.17332  0.000000  0.000000  0.000000     1.000
   0.36228  0.64008  0.04221  1.18304  0.000000  0.000000  0.000000     1.000
   0.37909  0.62333  0.04367  1.19284  0.000000  0.000000  0.000000     1.000
   0.39589  0.60659  0.04509  1.20245  0.000000  0.000000  0.000000     1.000
   0.41267  0.58987  0.04646  1.21246  0.000000  0.000000  0.000000     1.000
   0.42944  0.57315  0.04778  1.22247  0.000000  0.000000  0.000000     1.000
   0.44619  0.55645  0.04905  1.23269  0.000000  0.000000  0.000000     1.000
   0.46292  0.53976  0.05026  1.24304  0.000000  0.000000  0.000000     1.000
   0.47963  0.52309  0.05143  1.25361  0.000000  0.000000  0.000000     1.000
   0.49632  0.50644  0.05253  1.26442  0.000000  0.000000  0.000000     1.000
   0.51299  0.48980  0.05357  1.27554  0.000000  0.000000  0.000000     1.000
   0.52963  0.47319  0.05455  1.28664  0.000000  0.000000  0.000000     1.000
   0.54624  0.45660  0.05546  1.29834  0.000000  0.000000  0.000000     1.000
   0.56282  0.44004  0.05630  1.31008  0.000000  0.000000  0.000000     1.000
   0.57937  0.42351  0.05707  1.32234  0.000000  0.000000  0.000000     1.000
   0.59589  0.40701  0.05776  1.33477  0.000000  0.000000  0.000000     1.000
   0.61236  0.39055  0.05837  1.34781  0.000000  0.000000  0.000000     1.000
   0.62880  0.37412  0.05889  1.36106  0.000000  0.000000  0.000000     1.000
   0.64519  0.35774  0.05932  1.37480  0.000000  0.000000  0.000000     1.000
   0.66153  0.34140  0.05965  1.38913  0.000000  0.000000  0.000000     1.000
   0.67782  0.32511  0.05988  1.40390  0.000000  0.000000  0.000000     1.000
   0.69405  0.30888  0.06000  1.41933  0.000000  0.000000  0.000000     1.000
   0.71022  0.29272  0.06001  1.43540  0.000000  0.000000  0.000000     1.000
   0.72631  0.27662  0.05989  1.45218  0.000000  0.000000  0.000000     1.000
   0.74233  0.26060  0.05965  1.46983  0.000000  0.000000  0.000000     1.000
   0.75827  0.24467  0.05927  1.48834  0.000000  0.000000  0.000000     1.000
   0.77411  0.22884  0.05875  1.50790  0.000000  0.000000  0.000000     1.000
   0.78983  0.21313  0.05807  1.52858  0.000000  0.000000  0.000000     1.000
   0.80543  0.19755  0.05723  1.55084  0.000000  0.000000  0.000000     1.000
   0.82087  0.18214  0.05622  1.57442  0.000000  0.000000  0.000000     1.000
   0.83613  0.16693  0.05503  1.59993  0.000000  0.000000  0.000000     1.000
   0.85117  0.15196  0.05365  1.62749  0.000000  0.000000  0.000000     1.000
   0.86591  0.13730  0.05207  1.65750  0.000000  0.000000  0.000000     1.000
   0.88029  0.12303  0.05029  1.69032  0.000000  0.000000  0.000000     1.000
   0.89417  0.10929  0.04832  1.72620  0.000000  0.000000  0.000000     1.000
   0.90742  0.09622  0.04618  1.76541  0.000000  0.000000  0.000000     1.000
   0.91986  0.08399  0.04389  1.80822  0.000000  0.000000  0.000000     1.000
   0.93132  0.07278  0.04150  1.85430  0.000000  0.000000  0.000000     1.000
   0.94168  0.06271  0.03908  1.90345  0.000000  0.000000  0.000000     1.000
   0.95091  0.05380  0.03667  1.95491  0.000000  0.000000  0.000000     1.000
   0.95903  0.04603  0.03431  2.00865  0.000000  0.000000  0.000000     1.000
   0.96614  0.03929  0.03203  2.06377  0.000000  0.000000  0.000000     1.000
   0.97238  0.03346  0.02983  2.12092  0.000000  0.000000  0.000000     1.000
   0.97787  0.02840  0.02771  2.17890  0.000000  0.000000  0.000000     1.000
   0.98273  0.02399  0.02566  2.23860  0.000000  0.000000  0.000000     1.000
   0.98707  0.02013  0.02367  2.29911  0.000000  0.000000  0.000000     1.000
   0.99097  0.01674  0.02173  2.36114  0.000000  0.000000  0.000000     1.000
   0.99451  0.01376  0.01982  2.42324  0.000000  0.000000  0.000000     1.000
   0.99774  0.01114  0.01793  2.48562  0.000000  0.000000  0.000000     1.000
   1.00071  0.00883  0.01606  2.54527  0.000000  0.000000  0.000000     1.000
   1.00346  0.00682  0.01419  2.60159  0.000000  0.000000  0.000000     1.000
   1.00603  0.00508  0.01231  2.64930  0.000000  0.000000  0.000000     1.000
   1.00843  0.00360  0.01041  2.68295  0.000000  0.000000  0.000000     1.000
   1.01069  0.00238  0.00851  2.69704  0.000000  0.000000  0.000000     1.000
   1.01284  0.00141  0.00659  2.68126  0.000000  0.000000  0.000000     1.000
   1.01488  0.00070  0.00467  2.63008  0.000000  0.000000  0.000000     1.000
   1.01683  0.00025  0.00277  2.54051  0.000000  0.000000  0.000000     1.000
   1.01871  0.00003  0.00091  2.41534  0.000000  0.000000  0.000000     1.000
   1.02053  0.00003 -0.00091  2.26746  0.000000  0.000000  0.000000     1.000
   1.02241  0.00025 -0.00277  2.09225  0.000000  0.000000  0.000000     1.000
   1.02436  0.00070 -0.00467  1.89262  0.000000  0.000000  0.000000     1.000
   1.02641  0.00141 -0.00659  1.67556  0.000000  0.000000  0.000000     1.000
   1.02855  0.00238 -0.00851  1.45590  0.000000  0.000000  0.000000     1.000
   1.03081  0.00360 -0.01041  1.24212  0.000000  0.000000  0.000000     1.000
   1.03322  0.00508 -0.01231  1.04126  0.000000  0.000000  0.000000     1.000
   1.03578  0.00682 -0.01419  0.85662  0.000000  0.000000  0.000000     1.000
   1.03853  0.00883 -0.01606  0.68899  0.000000  0.000000  0.000000     1.000
   1.04150  0.01114 -0.01793  0.53760  0.000000  0.000000  0.000000     1.000
   1.04473  0.01376 -0.01982  0.39986  0.000000  0.000000  0.000000     1.000
   1.04827  0.01674 -0.02173  0.27628  0.000000  0.000000  0.000000     1.000
   1.05217  0.02013 -0.02367  0.16294  0.000000  0.000000  0.000000     1.000
   1.05651  0.02399 -0.02566  0.05973  0.000000  0.000000  0.000000     1.000
   1.06138  0.02840 -0.02771 -0.03549  0.000000  0.000000  0.000000     1.000
   1.06687  0.03346 -0.02983 -0.12358  0.000000  0.000000  0.000000     1.000
   1.07310  0.03929 -0.03203 -0.20489  0.000000  0.000000  0.000000     1.000
   1.08022  0.04603 -0.03431 -0.28074  0.000000  0.000000  0.000000     1.000
   1.08834  0.05380 -0.03667 -0.35089  0.000000  0.000000  0.000000     1.000
   1.09756  0.06271 -0.03908 -0.41533  0.000000  0.000000  0.000000     1.000
   1.10792  0.07278 -0.04150 -0.47435  0.000000  0.000000  0.000000     1.000
   1.11939  0.08399 -0.04389 -0.52706  0.000000  0.000000  0.000000     1.000
   1.13182  0.09622 -0.04618 -0.57397  0.000000  0.000000  0.000000     1.000
   1.14507  0.10929 -0.04832 -0.61510  0.000000  0.000000  0.000000     1.000
   1.15896  0.12303 -0.05029 -0.65088  0.000000  0.000000  0.000000     1.000
   1.17333  0.13730 -0.05207 -0.68217  0.000000  0.000000  0.000000     1.000
   1.18807  0.15196 -0.05365 -0.70931  0.000000  0.000000  0.000000     1.000
   1.20311  0.16693 -0.05503 -0.73295  0.000000  0.000000  0.000000     1.000
   1.21837  0.18214 -0.05622 -0.75377  0.000000  0.000000  0.000000     1.000
   1.23381  0.19755 -0.05723 -0.77197  0.000000  0.000000  0.000000     1.000
   1.24941  0.21313 -0.05807 -0.78813  0.000000  0.000000  0.000000     1.000
   1.26514  0.22884 -0.05875 -0.80239  0.000000  0.000000  0.000000     1.000
   1.28097  0.24467 -0.05927 -0.81512  0.000000  0.000000  0.000000     1.000
   1.29691  0.26060 -0.05965 -0.82650  0.000000  0.000000  0.000000     1.000
   1.31293  0.27662 -0.05989 -0.83665  0.000000  0.000000  0.000000     1.000
   1.32903  0.29272 -0.06001 -0.84576  0.000000  0.000000  0.000000     1.000
   1.34519  0.30888 -0.06000 -0.85396  0.000000  0.000000  0.000000     1.000
   1.36143  0.32511 -0.05988 -0.86139  0.000000  0.000000  0.000000     1.000
   1.37771  0.34140 -0.05965 -0.86800  0.000000  0.000000  0.000000     1.000
   1.39406  0.35774 -0.05932 -0.87403  0.000000  0.000000  0.000000     1.000
   1.41045  0.37412 -0.05889 -0.87955  0.000000  0.000000  0.000000     1.000
   1.42688  0.39055 -0.05837 -0.88449  0.000000  0.000000  0.000000     1.000
   1.44336  0.40701 -0.05776 -0.88894  0.000000  0.000000  0.000000     1.000
   1.45987  0.42351 -0.05707 -0.89313  0.000000  0.000000  0.000000     1.000
   1.47642  0.44004 -0.05630 -0.89675  0.000000  0.000000  0.000000     1.000
   1.49300  0.45660 -0.05546 -0.90010  0.000000  0.000000  0.000000     1.000
   1.50961  0.47319 -0.05455 -0.90328  0.000000  0.000000  0.000000     1.000
   1.52625  0.48980 -0.05357 -0.90607  0.000000  0.000000  0.000000     1.000
   1.54292  0.50644 -0.05253 -0.90856  0.000000  0.000000  0.000000     1.000
   1.55961  0.52309 -0.05143 -0.91099  0.000000  0.000000  0.000000     1.000
   1.57632  0.53976 -0.05026 -0.91291  0.000000  0.000000  0.000000     1.000
   1.59305  0.55645 -0.04905 -0.91495  0.000000  0.000000  0.000000     1.000
   1.60980  0.57315 -0.04778 -0.91672  0.000000  0.000000  0.000000     1.000
   1.62657  0.58987 -0.04646 -0.91817  0.000000  0.000000  0.000000     1.000
   1.64335  0.60659 -0.04509 -0.91964  0.000000  0.000000  0.000000     1.000
   1.66015  0.62333 -0.04367 -0.92076  0.000000  0.000000  0.000000     1.000
   1.67696  0.64008 -0.04221 -0.92197  0.000000  0.000000  0.000000     1.000
   1.69378  0.65683 -0.04071 -0.92289  0.000000  0.000000  0.000000     1.000
   1.71061  0.67359 -0.03916 -0.92363  0.000000  0.000000  0.000000     1.000
   1.72745  0.69035 -0.03757 -0.92447  0.000000  0.000000  0.000000     1.000
   1.74429  0.70712 -0.03594 -0.92476  0.000000  0.000000  0.000000     1.000
   1.76115  0.72389 -0.03428 -0.92523  0.000000  0.000000  0.000000     1.000
   1.77800  0.74066 -0.03257 -0.92539  0.000000  0.000000  0.000000     1.000
   1.79486  0.75742 -0.03083 -0.92542  0.000000  0.000000  0.000000     1.000
   1.81172  0.77419 -0.02905 -0.92530  0.000000  0.000000  0.000000     1.000
   1.82858  0.79095 -0.02723 -0.92489  0.000000  0.000000  0.000000     1.000
   1.84544  0.80771 -0.02537 -0.92398  0.000000  0.000000  0.000000     1.000
   1.86230  0.82446 -0.02348 -0.92358  0.000000  0.000000  0.000000     1.000
   1.87915  0.84120 -0.02155 -0.92174  0.000000  0.000000  0.000000     1.000
   1.89599  0.85793 -0.01959 -0.92042  0.000000  0.000000  0.000000     1.000
   1.91281  0.87462 -0.01759 -0.91822  0.000000  0.000000  0.000000     1.000
   1.92958  0.89128 -0.01556 -0.91519  0.000000  0.000000  0.000000     1.000
   1.94627  0.90784 -0.01350 -0.91193  0.000000  0.000000  0.000000     1.000
   1.96279  0.92422 -0.01142 -0.90704  0.000000  0.000000  0.000000     1.000
   1.97896  0.94026 -0.00934 -0.90091  0.000000  0.000000  0.000000     1.000
   1.99450  0.95567 -0.00731 -0.89284  0.000000  0.000000  0.000000     1.000
   2.00895  0.96999 -0.00539 -0.88151  0.000000  0.000000  0.000000     1.000
   2.02185  0.98277 -0.00365 -0.86417  0.000000  0.000000  0.000000     1.000
   2.03290  0.99372 -0.00214 -0.83854  0.000000  0.000000  0.000000     1.000
   2.03924  1.00000 -0.00126 -0.75299  0.000000  0.000000  0.000000     1.000
